1 0.6847408930460611 0.6640073423032408 0.03341356913248698 0.11231231689453125
1 0.4311851501464844 0.42864148175274885 0.026693089803059896 0.09977888884367767
1 0.33304595947265625 0.2856270118995949 0.02586787541707357 0.07271236843532985
1 0.6389155705769857 0.4300409952799479 0.03154118855794271 0.07852229365596065
1 0.03085778554280599 0.5565678914388021 0.0428776741027832 0.11135197392216435
1 0.31167484919230143 0.8040869253653067 0.0303802490234375 0.1290138527199074
1 0.44651126861572266 0.5662636085792825 0.027327315012613932 0.1023141931604456
1 0.41154371897379555 0.31037077727141205 0.02482290267944336 0.06916345666956018
1 0.3108318010965983 0.38723743580005787 0.025260416666666664 0.08033337063259548
1 0.5941992441813151 0.24190329092520255 0.021783828735351562 0.06530402854636863
1 0.5262653350830078 0.32648066767939815 0.020307127634684244 0.08412099767614294
2 0.4710423151652019 0.21712777879503037 0.020750999450683594 0.0732580962004485
1 0.8020542780558269 0.3237643206561053 0.018235270182291666 0.08243882921006945
1 0.650640614827474 0.2785302621346933 0.020004781087239586 0.06656022248444733
2 0.9949192047119142 0.4145183421947338 0.010161526997884114 0.09536214757848668
0 0.5197678834853023 0.3310579410549629 0.008875376258707277 0.014344042438314657
