1 0.15955533981323242 0.37577573988172747 0.023704799016316735 0.06098446316189236
1 0.4879077275594075 0.7849989149305556 0.027359422047932944 0.0833761144567419
1 0.5437346140543621 0.2797830087167245 0.023074658711751305 0.053720714427806716
1 0.23479790687561036 0.46872530336733215 0.027402337392171225 0.06495270905671297
1 0.11700971921284992 0.5571949146412036 0.0230220635732015 0.07207539876302084
1 0.5553047180175782 0.4056354098849826 0.020209948221842453 0.07120881257233797
1 0.6839893976847331 0.5735652217158564 0.026027425130208334 0.0613546300817419
1 0.4690736770629883 0.3440240365487558 0.018805917104085287 0.057576892994068284
1 0.5696500142415365 0.6635302508318865 0.020421981811523438 0.06909643102575232
1 0.5126849174499511 0.5496723316333911 0.019334157307942707 0.0679523609302662
1 0.6850933074951172 0.7228613959418402 0.026530901590983078 0.07729158754701967
1 0.22927727699279785 0.2078573438856337 0.01852757136027018 0.05015620478877315
1 0.5180703163146974 0.2150006612141927 0.01797930399576823 0.04725628605595342
1 0.4504226048787434 0.21064635382758248 0.01848767598470052 0.04313117133246527
1 0.5388714472452799 0.46039767795138886 0.016217835744222007 0.06161236233181423
1 0.5259065628051758 0.456626213921441 0.018009312947591147 0.05961880154079861
1 0.005824532111485799 0.34561179832175926 0.011649064222971598 0.06184839319299768
1 0.6775609970092773 0.26430014151114006 0.01863861083984375 0.04359868367513021
1 0.2980978012084961 0.3698954546893084 0.0175933837890625 0.06520108823423032
2 0.7389509201049804 0.905804443359375 0.03198115030924479 0.07648230658637153
2 0.2980717976888021 0.3702402185510706 0.017780113220214843 0.06548639933268229
0 0.5504282741971999 0.3735032666337941 0.00916877712676353 0.014996044367328877
