1 0.3818729400634766 0.39513611970124424 0.024918333689371745 0.06870580602575231
1 0.5341795603434245 0.5467885335286459 0.027471001942952475 0.08342867250795717
1 0.332340399424235 0.5400973849826388 0.027815183003743485 0.07545205575448495
1 0.46444339752197267 0.4668393452962239 0.02133169174194336 0.07170302779586227
1 0.4228905042012533 0.40555487738715273 0.018875757853190105 0.07285817464192708
1 0.13980604807535807 0.43528275666413485 0.021565540631612142 0.07440846761067708
1 0.5047978083292644 0.49854900218822334 0.024601618448893234 0.08164664374457466
1 0.3744924545288086 0.5045904088903356 0.02350193659464518 0.07848425971137153
1 0.4346303939819336 0.516759858308015 0.021628602345784505 0.0781849048755787
1 0.3568973541259765 0.5131658483434607 0.028222878774007157 0.07686015941478588
1 0.5407358805338542 0.4541222748933015 0.01933266321818034 0.0781118322301794
1 0.40378609866670545 0.479678048758206 0.024926177079912543 0.0723361247962306
2 0.21320145924886066 0.40084234167028354 0.025955788294474282 0.06968556156864873
1 0.526519234975179 0.45411026566116897 0.020863660176595054 0.07714742024739583
1 0.45604909261067705 0.5016465928819445 0.024854755401611327 0.07228060121889468
1 0.44131590525309244 0.4203477082429108 0.016286659240722656 0.07258832013165509
1 0.43291878503348946 0.4381206936306408 0.010107831195724165 0.0700079741301358
1 0.44000155245768285 0.43887992413618176 0.017289095808915512 0.0640813337299493
1 0.41528049934870426 0.47270536013331926 0.02097816206603508 0.07530622280115178
0 0.6057747284162379 0.7861952861952867 0.011435105774728362 0.022870211549456686
2 0.8512721555174386 0.25954513690362746 0.06503716409376778 0.10291595197255571
