1 0.2992311159769694 0.5932416562680846 0.04306596120198567 0.09814068829571759
1 0.5282200495402019 0.5337653266059028 0.04324795405069987 0.10046025028935185
1 0.10040313402811686 0.6488102665653934 0.04564606348673503 0.11634883174189815
1 0.36383082071940104 0.41295177318431714 0.025790087381998696 0.08866421734845197
1 0.6111872355143229 0.552886058666088 0.040618642171223955 0.10424539071542245
1 0.4310691515604655 0.6260552300347222 0.036302439371744794 0.10010268599898726
1 0.4776487350463867 0.7529331913700811 0.030414581298828125 0.10642400670934608
1 0.09101701577504474 0.4094987939905237 0.022670507431030273 0.09269166169343171
1 0.4373286565144856 0.6941535667136864 0.029469966888427734 0.10220619484230324
1 0.5984217325846355 0.3279401991102431 0.027628389994303382 0.07894425568757234
1 0.5056423505147298 0.4395573933919271 0.03997230529785156 0.08048765394422742
1 0.5121925210053068 0.38831634521484387 0.047328793027865815 0.07068617078993054
1 0.9656861623128254 0.9642544216579861 0.04567038218180339 0.07149104365596065
