1 0.07639052073160807 0.4021282337330006 0.034476860364278154 0.1024993896484375
1 0.022872620820999147 0.43248765733506944 0.035244913895924886 0.09386051319263601
1 0.3624373435974121 0.26147240532769095 0.03172175089518229 0.07207949603045428
1 0.23377202351888018 0.8821337664568866 0.05232650438944499 0.1403774685329861
1 0.3910952885945638 0.3913970947265625 0.029898866017659505 0.08583342940719038
1 0.9216630299886067 0.4688270851417824 0.0329861323038737 0.10333333898473668
1 0.6784396489461263 0.3910254019278067 0.031798934936523436 0.08566360473632813
1 0.045517079035441076 0.33129764133029516 0.02205350001653035 0.0807634706850405
1 0.09576798280080158 0.5994973641854745 0.03313302993774414 0.10448964436848956
1 0.5179938634236654 0.5997888635706018 0.038693873087565105 0.09985803674768519
1 0.7980550130208335 0.29517601860894094 0.02749932607014974 0.07938116568106192
1 0.6418137232462565 0.3147824322735822 0.02503789265950521 0.08037728203667535
1 0.639659563700358 0.38845062255859375 0.04190826416015625 0.06663682725694445
1 0.5068977038065592 0.2590087042914496 0.02292804718017578 0.07247002213089554
1 0.6191041310628256 0.3532814591019242 0.018629709879557293 0.075384521484375
2 0.5594109853108723 0.4068579779730902 0.02951094309488932 0.09716624507197627
2 0.08140047391255695 0.22106699060510704 0.021816730499267578 0.07039749710648148
0 0.4035386403401693 0.4265895702220776 0.009778531392415364 0.01763689959490741
1 0.7972222502126634 0.2450254087094907 0.02429628672089913 0.056440551192672134
