1 0.5777872721354167 0.6322198938440394 0.02935854593912761 0.1201642636899595
1 0.5044363960981834 0.4231666394722473 0.030458530517395544 0.10226321171540392
1 0.25987459818522135 0.433343505859375 0.04109171231587728 0.10183046129014757
1 0.3020350239462479 0.6412416968634321 0.03373826704957914 0.11425315329356495
1 0.8913222630818685 0.46966705322265623 0.03309199015299479 0.11336452342845775
1 0.7726407368977865 0.5627947206850406 0.02995325724283854 0.1255340576171875
1 0.9148027420043944 0.6586614538122106 0.041293207804361985 0.1315437599464699
1 0.3446181219561605 0.5996679437619945 0.056870295435131786 0.12093346013322731
1 0.4880848974962672 0.4372077071713773 0.03707704544067392 0.09281606127074062
2 0.6229226430257162 0.08949480409975406 0.03171329498291016 0.07779466840955947
1 0.6804728190104166 0.6292707655164931 0.03184210459391276 0.12924437346281828
1 0.982818857828776 0.5089674207899306 0.03436228434244792 0.121278155291522
1 0.6137517293294271 0.5170963993778934 0.03588161468505859 0.1074957388418692
0 0.3075824601430488 0.6836129781294398 0.010019837034916818 0.02003967406983392
