1 0.43041159311930344 0.8941983823423033 0.054442564646402986 0.13515969735604746
1 0.11742924054463703 0.806393093532986 0.03764661153157552 0.1364356146918403
1 0.4710064888000488 0.5916318540219907 0.03082211812337239 0.10268707275390625
1 0.5525402069091797 0.5862595169632524 0.03265171051025391 0.11806629322193286
1 0.44777015050252283 0.49759843614366317 0.029843012491861984 0.0932475902416088
1 0.5316937128702799 0.5052949128327546 0.03729734420776367 0.10363280684859663
1 0.36805092493693037 0.41109438295717593 0.026567141215006515 0.08356823391384548
1 0.5103609085083007 0.9206708554868345 0.036340490976969404 0.13847599735966434
1 0.216605536142985 0.40991866500289353 0.028822819391886398 0.09389928181966146
1 0.4079463958740234 0.4208515308521412 0.0322445551554362 0.10178084196867766
2 0.16735660235087077 0.5903223108362269 0.031134096781412757 0.10868213794849536
1 0.7029808044433594 0.4396132857711227 0.02848517100016276 0.08429226345486111
1 0.17927023569742837 0.5312585901331018 0.027518367767333983 0.09293828893590855
0 0.39041129164561306 0.42828903272307883 0.008298476801891184 0.01909192048539687
