1 0.06182479579096551 0.5718785918940039 0.029299783388234704 0.1127776527404781
1 0.6717096997555455 0.3795947699502934 0.030174906753051445 0.08444705963134755
1 0.5051387786865235 0.42924954891204836 0.024390029907226562 0.10151980400085449
1 0.3190629404460545 0.38762624609579904 0.02297049007692842 0.09356638908386217
1 0.6707147688297594 0.2861806930292592 0.02608802952061846 0.0873487663269041
1 0.35939062218804635 0.8055912702685093 0.02905091059340699 0.1352366067050437
1 0.5340572017753961 0.526507194278429 0.020777646737872392 0.10490824699401836
1 0.357604297933161 0.6751389208463401 0.020773891705518636 0.12385681833262527
2 0.36893028400434985 0.44405630457510825 0.02068976345477872 0.09834781646728502
1 0.7746641731262207 0.5383968830108643 0.02805042266845703 0.11825380325317383
1 0.3934223129559948 0.4637887920130239 0.020889754355617865 0.09767761230468733
1 0.11475646238465571 0.45829930305480887 0.02423613384745589 0.10315874099731431
1 0.4736415562819046 0.5921523358799915 0.023098569226206712 0.11762423515319793
1 0.1967948909184544 0.29106648099312715 0.017280146946572615 0.08434770584106427
1 0.35860240585105474 0.2375433900334356 0.020439529418945314 0.07816754341125488
1 0.009693956185772703 0.5571921318714608 0.019387912371545406 0.11370306968688963
1 0.28640033267035003 0.49948168969373336 0.020417422051925718 0.10171864509582501
1 0.1571757524882906 0.4113752149244769 0.024382827152871146 0.0957283487407691
1 0.43375261306762697 0.3209304094314575 0.021343040466308593 0.09045670509338379
2 0.2717672336101532 0.20816751956939697 0.01901866674423218 0.0698220157623291
1 0.2840840625762939 0.3465911436080933 0.021485233306884767 0.08670939445495605
2 0.9079532623291016 0.9630224800109863 0.02820587158203125 0.07160480499267578
1 0.15738932609558107 0.3701976037025452 0.02250185012817383 0.0723114824295044
0 0.5845346721069372 0.40054178412257657 0.02195265326673102 0.01569124357209638
