1 0.6903956095377604 0.3805760418927228 0.04496447245279947 0.10500403510199653
2 0.8419167200724285 0.39866355613425924 0.04075749715169272 0.10637402004665798
1 0.1018796682357788 0.772442626953125 0.04320495923360188 0.15239139133029514
1 0.7883259455362956 0.2735509519223814 0.032351175944010414 0.08187969349048756
1 0.33399645487467444 0.4375025431315105 0.03337224324544271 0.11582901566116899
1 0.7765340805053711 0.49391897696035886 0.03524004618326823 0.1278053566261574
1 0.556730588277181 0.3447497615107784 0.03654289245605469 0.10065771032262731
1 0.38715476989746095 0.4010697258843316 0.026214599609375 0.11286344174985534
1 0.37181892395019533 0.4336581194842303 0.027793343861897787 0.12276328757957175
1 0.6365618387858073 0.35966073495370376 0.026755015055338546 0.09675521850585937
2 0.8467234293619783 0.1828647157681063 0.023649470011393198 0.08212027306493383
1 0.009497225284576416 0.30599871034975407 0.01880931854248047 0.08956756591796874
0 0.6231458455895621 0.39381312672258945 0.011981757949254686 0.018934136018575316
