1 0.6620777394566307 0.706436835394964 0.02876742539813353 0.11874067518446178
1 0.4061061223347982 0.5821836118344907 0.03445698420206706 0.10051602964048033
1 0.5676160283499226 0.612047153049044 0.025946996903541825 0.10672415073550551
1 0.7053452860282694 0.5132950394241876 0.026598324954611313 0.09040646023220486
1 0.44540891647338865 0.5174533985279225 0.029890505472819007 0.09703547159830729
1 0.3618408440959786 0.46490247205828533 0.024022917103439633 0.0916484126338253
1 0.23218687622467457 0.6307363560887324 0.0315560107811346 0.11614555076316552
1 0.2714880738439163 0.4939440892858872 0.023066942665447378 0.09755250216660893
2 0.1314611729871235 0.4942404287832756 0.01706397598578347 0.09486599853044911
1 0.28564534976207595 0.4434453734494413 0.02357131157630305 0.08850041979212561
1 0.5387511149273841 0.5689606543047718 0.02444323283312354 0.11008741640864357
1 0.5362185725871786 0.5470898663556129 0.03800962950866719 0.08046258997034145
0 0.29127547958324906 0.472728832550674 0.007717376045314666 0.012392059026168382
