1 0.6346487045288086 0.40828934907913206 0.030852508544921876 0.07472788333892823
1 0.494985190872442 0.3841132799429705 0.02204845057071682 0.06309486250795007
1 0.036229195417282596 0.5304417206040233 0.0368896508216858 0.09125742078118242
1 0.36576685703958395 0.4733881664276122 0.03323880746295732 0.08354322433471677
1 0.507852889710837 0.5080851173400879 0.030581146847857368 0.08259853363037106
1 0.5417676116303201 0.36871838092803877 0.018551454290627743 0.07288292884826651
1 0.28446022033691404 0.6550767755508423 0.028717231750488282 0.097279634475708
1 0.43663683747838583 0.34019305229186975 0.022309515961196357 0.06686952590942373
1 0.7296258909511433 0.5442215061187735 0.025273510417912228 0.08968980789184558
1 0.719133949279784 0.49992983171981037 0.02266349792480465 0.07654308934294135
1 0.25897302746772766 0.7320475435256958 0.039748079776763916 0.10482720375061035
2 0.3109582566792558 0.42724858874723487 0.01650220482680548 0.0798513603210448
1 0.4753137002795396 0.5368390321731548 0.019694159515883786 0.08394707679748507
0 0.5042487498876315 0.41134701363069126 0.006210642790238402 0.011041142738200348
