1 0.765890375773112 0.4617013719346788 0.02726446787516276 0.0890687730577257
1 0.5996824900309244 0.6221704553674768 0.035370953877766925 0.094127118145978
1 0.81918093363444 0.3128045541268808 0.024706331888834632 0.08498139558015046
1 0.9173402150472004 0.508029231318721 0.02716782887776693 0.09288751107675058
1 0.408151658376058 0.6767578125 0.01928869883219401 0.11354443585431134
1 0.8774532318115236 0.25861968994140627 0.01871598561604818 0.07904786003960504
1 0.5286391258239745 0.46580669261791097 0.03553981781005859 0.09526005497685185
1 0.9159469604492188 0.34092025756835936 0.021174939473470055 0.08256581624348959
1 0.979164441426595 0.24593276977539064 0.022561391194661454 0.07701488071017795
1 0.6248099009195963 0.28835220336914064 0.02650629679361979 0.08558722601996528
1 0.8464961369832357 0.25253078319408273 0.019904200236002603 0.0828378748010706
1 0.882723617553711 0.3845193650987413 0.01992689768473307 0.08670213487413195
1 0.38662694295247396 0.711854327166522 0.021750513712565103 0.1043384693287037
1 0.8202114105224608 0.5591510348849826 0.024848620096842453 0.09985747160734953
2 0.8859266916910806 0.5573232014973959 0.02126204172770182 0.10374931052879051
1 0.2339291254679362 0.6210678100585938 0.026886304219563797 0.08440370912905093
0 0.188371213277181 0.6457901000976562 0.009922393163045247 0.018447310836226853
1 0.21568190256754557 0.6149548565899885 0.02853492101033529 0.09210165518301505
