1 0.5040238062540691 0.5403107819733797 0.034395853678385414 0.132407068323206
1 0.44914401372273766 0.46508681685836223 0.05277868906656901 0.12475413569697627
1 0.5291307131449381 0.48302092375578703 0.02602977752685547 0.1120771054868345
1 0.37272513707478844 0.3942178796838831 0.04676901499430339 0.09642144662362558
1 0.19598064422607422 0.4104467321325231 0.02711014747619629 0.11352021959092883
1 0.2912075042724609 0.5033305980541088 0.04347960154215494 0.06749779030128762
1 0.2976313591003418 0.40247867725513603 0.024652036031087243 0.11561980070891203
1 0.22861900329589843 0.3354185033727575 0.02435727119445801 0.09581858317057292
1 0.266357151667277 0.37964356033890334 0.023346996307373045 0.126494061505353
1 0.5988006885119284 0.42490455590975834 0.03114369529180358 0.11836990700946018
1 0.6100768540486159 0.43254132410391705 0.018256648964160717 0.08400445013574583
1 0.4418238993710692 0.44025157232704404 0.05660377358490564 0.03913347309573723
