1 0.06040569146474202 0.5153659396701389 0.03906321922938029 0.11820514820240162
1 0.7876145680745442 0.694648121021412 0.037920443216959636 0.13740273934823496
1 0.637520793757111 0.5187394188730081 0.02595850851423377 0.10730104574465157
1 0.6099943197580875 0.26935628255208305 0.03360556318142553 0.07307094997829854
1 0.34640215111283573 0.3936411539713536 0.019120191609433405 0.0997625280309606
1 0.14049199422200512 0.3692059834798176 0.0239335950468069 0.10575256347656248
1 0.4818004926045736 0.4923240379050926 0.04376843770345052 0.10506803724500868
1 0.2535224571328993 0.2535659660011912 0.01686767518585304 0.08816668192545572
1 0.37857463296506877 0.5655376468099969 0.0517928289383457 0.11729260709608334
1 0.4615522581584795 0.39180123083035506 0.03359530766805011 0.0960954844291518
1 0.3659136392363834 0.2771239386664494 0.02027167035916095 0.0850869496663411
0 0.4050185265452728 0.5956930785047406 0.009013894734567242 0.015777839952189586
1 0.4911745890044671 0.42917151136584664 0.017877565785100673 0.10165557585488821
