1 0.5382170995076497 0.66262286150897 0.03848075866699219 0.10199240225332755
1 0.42881921132405604 0.6856227733470776 0.030096721649169923 0.11831732855902778
1 0.40236314137776696 0.4881175288447628 0.04040505091349284 0.08673999927662036
1 0.5824627558390298 0.47594836199725116 0.024475606282552086 0.09348133228443287
1 0.6808347066243489 0.429595043041088 0.027182388305664062 0.08078878897207754
1 0.48271919886271164 0.42273316559968166 0.021486473083496094 0.0846077247902199
1 0.2904582341512044 0.4671858328360098 0.02846813201904297 0.08795646384910301
1 0.37064444224039717 0.438390463369864 0.02586552302042643 0.0832387853551794
1 0.4310847600301107 0.43924899631076386 0.02724148432413737 0.08063781173140913
1 0.7437121073404949 0.46969056306061924 0.022643852233886718 0.08364605373806423
1 0.20806845029195148 0.5286278618706598 0.03321965535481771 0.09575427020037615
1 0.47193854649861655 0.47118298565899885 0.034139188130696614 0.07400125574182581
1 0.20665829976399738 0.47118047078450526 0.05172613461812337 0.08573614049840855
2 0.15812953313191733 0.9121543601707177 0.042278718948364255 0.15973985460069445
1 0.015411581595738728 0.8710189254195602 0.03015679121017456 0.13514087818287038
1 0.4605954488118489 0.4453200163664641 0.0188200314839681 0.06807657877604166
1 0.4567610422770182 0.34904333043981484 0.03603487014770508 0.05059859664351852
