2 0.7026676177978516 0.6729831271701389 0.0343661626180013 0.13589760109230323
1 0.6678662618001302 0.43243049339011863 0.045135116577148436 0.09747975667317708
1 0.3416204452514648 0.5807362874348958 0.03052457173665364 0.11421876130280671
1 0.38149204254150393 0.49205260100188075 0.040654659271240234 0.10042430736400464
1 0.8360745747884114 0.7941254792390047 0.03603229522705078 0.15070732964409722
1 0.8756024678548178 0.8600989447699654 0.04285767873128255 0.16065509937427663
1 0.26420528093973794 0.6787237661856192 0.03799893061319987 0.13682793511284722
1 0.184001890818278 0.6290160002531828 0.04325319925944011 0.11132173891420717
1 0.6324928919474284 0.8322270146122684 0.04103660583496094 0.13036165590639467
1 0.5496419270833334 0.47058444552951384 0.03208160400390625 0.09699483800817418
1 0.8834135055541992 0.5561755145037616 0.03709602355957031 0.12052747938368055
1 0.42836335500081385 0.5588038691767939 0.038009325663248696 0.1021892406322338
1 0.5959186553955078 0.4894353795934607 0.026098060607910156 0.10929898862485532
1 0.4835979461669922 0.5048678927951389 0.029645697275797526 0.10679222389503762
1 0.2969599723815918 0.6209674976490163 0.04588781992594401 0.12411651611328126
1 0.4670236269632975 0.4844289709020544 0.029182751973470047 0.08027403089735242
0 0.4554012342999964 0.47270536013331993 0.010206682697513188 0.015778446682146025
1 0.29441823899371067 0.6324248777078966 0.055817610062893055 0.0573025856044724
