1 0.9591689427693685 0.8237344247323495 0.03617693583170573 0.10983202898943865
1 0.7850086802982901 0.4905679853326931 0.022474325119246786 0.07188396527818182
1 0.6930812455901433 0.40572744298864294 0.025696424184030765 0.07475823296440973
1 0.9349802652994792 0.725829060872396 0.03868459065755208 0.09958580864800347
1 0.5780655020683396 0.648757752850668 0.027687113428539075 0.09102388404146239
1 0.27411449295375667 0.5559811062282971 0.02181394424107543 0.09005822075737831
1 0.8907651856286948 0.3376775912598458 0.018451181835240478 0.06748352050781234
1 0.45003567839047387 0.41028120252821176 0.01655399102762321 0.0727654068558304
1 0.7504919234079541 0.3748174596715848 0.01905802760028034 0.06427688598632801
1 0.09586048241269655 0.34168344315337207 0.018838341818556526 0.061784859147377684
1 0.6891393025716145 0.22592447068956162 0.015754508972167968 0.057222860830801504
1 0.5483222325642904 0.49195059317129636 0.017340087890625 0.07156626383463542
1 0.06081934498247344 0.43896808112938557 0.017990928361875807 0.07729547084151121
1 0.5556025187174479 0.32252163357204866 0.015186182657877604 0.06478833799008969
1 0.5713273366292317 0.2515068054199219 0.01641190846761068 0.06118463586877893
1 0.9902337392171225 0.5010972764756945 0.0194735844930013 0.08737744931821471
1 0.5643885294596354 0.47793522587528936 0.020819727579752603 0.0762700116192853
2 0.5568898518880209 0.2850351404260706 0.015175692240397136 0.047252315945095484
2 0.0879698117574056 0.16856695104528355 0.012575332323710125 0.04718821490252459
