1 0.8423889795939127 0.7850163212528937 0.0261444091796875 0.08782150833695024
1 0.09578771591186523 0.5524495442708333 0.023409334818522132 0.06675465901692708
1 0.5053394317626954 0.6021122685185185 0.019845867156982423 0.06817994294343172
1 0.5626664479573568 0.7944781268084491 0.02258720397949219 0.0915374755859375
1 0.7370944976806639 0.4607911003960503 0.018227450052897134 0.05794287787543403
1 0.293867556254069 0.5397617481372975 0.022139453887939455 0.07142367892795139
1 0.028110524018605546 0.42004826863606765 0.02047225832939148 0.050789614076967596
1 0.5646419525146484 0.4701748883282697 0.02255948384602864 0.05552616825810185
1 0.7868640899658201 0.4950812445746528 0.025283114115397135 0.06322092126916956
1 0.7694741566975911 0.6262588500976562 0.02132174173990885 0.06628248426649305
1 0.707361348470052 0.5317727548104746 0.017850685119628906 0.06402977837456597
1 0.7624914805094402 0.4375365363226997 0.01688671112060547 0.05492559362340856
1 0.2674372355143229 0.4047757184063947 0.0139801025390625 0.05273813318323207
1 0.4333422025044759 0.3456930372450086 0.013672447204589844 0.046121498390480326
1 0.28277295430501304 0.4230992352520978 0.019362258911132812 0.051227710865162035
1 0.7056760152180989 0.42124588577835653 0.020169830322265624 0.0512913739239728
2 0.5927747090657552 0.400173498083044 0.014309056599934896 0.056445001672815395
1 0.4153315862019857 0.3545756587275753 0.013498465220133461 0.04776376794885707
1 0.6550276438395182 0.43421040287724244 0.016243426005045573 0.055110790111400465
1 0.6944661098456233 0.3588116361243503 0.013435618082682293 0.043321199770326974
1 0.6883644104003906 0.35843556722005204 0.01510499318440755 0.04650067929868345
2 0.24450279871622718 0.2601338704427083 0.016098658243815105 0.035746736879701965
