1 0.3162698745727539 0.7337006180374711 0.025451628367106117 0.08531708893952546
1 0.791209348042806 0.6548646149811921 0.01725451151529948 0.07183640091507523
1 0.6069492975870767 0.669035056785301 0.01701978047688802 0.07269083658854167
1 0.9334892272949219 0.5843615496600115 0.017018636067708332 0.06603738290292245
1 0.2602829774220784 0.7412783022280093 0.018481985727945963 0.09095069037543403
1 0.49362360636393227 0.6215639467592592 0.01602595647176107 0.06922420925564236
1 0.6648932139078777 0.5667118778935185 0.015869140625 0.06692832664207175
1 0.20906009674072265 0.6040027759693287 0.016201305389404296 0.062309943305121525
1 0.2870549519856771 0.7720232928240742 0.02282565434773763 0.0876876265914352
1 0.41117210388183595 0.6895538330078125 0.021922842661539713 0.08116924144603586
1 0.42540880839029943 0.6669782285337095 0.015999698638916017 0.07296922471788195
2 0.7156026204427083 0.46119232177734376 0.015836715698242188 0.04936820136176215
1 0.5442979176839193 0.5843261718749999 0.014934349060058593 0.06609067563657407
1 0.46039409637451173 0.6477731775354455 0.015898609161376955 0.0681080005787037
1 0.3898173497167655 0.6894371713019276 0.01760133107503255 0.0778522632740162
1 0.4490715662638346 0.684794334129051 0.017225360870361327 0.0728430288809317
0 0.8686374028523765 0.5956116852936921 0.009029388427734375 0.014276744701244213
1 0.36552853878150676 0.7175375081504741 0.020992406209309897 0.08178072328920717
1 0.569442621866862 0.7134758843315971 0.0231536865234375 0.08253439444082755
1 0.2894475936889649 0.7328449390552663 0.019491036732991535 0.06450336597583912
2 0.569195302327474 0.7134258128978588 0.023133913675944015 0.0827471132631655
1 0.3769565264591837 0.6888108606605411 0.010911602531024443 0.07597708429009628
1 0.3713491751585184 0.6952769954937409 0.01363950316378066 0.08136552998442952
1 0.35967982245172836 0.6987794851950574 0.012730202952861874 0.07651592885952965
