1 0.45137685139973976 0.5668576922337614 0.022559965969619872 0.1072690208064984
1 0.7299641291300456 0.5943077935112847 0.022817611694335938 0.10459023934823496
1 0.6835617065429688 0.4767686631944445 0.030279477437337235 0.09835541336624712
1 0.5973963556851626 0.45038268477828425 0.030230613185103287 0.09050072564019096
1 0.5911813100179036 0.5346298217773438 0.029542032877604166 0.10335342972366898
1 0.9142898559570313 0.5257838496455439 0.023907343546549484 0.10327317979600695
1 0.39473329264815166 0.5261375913157402 0.02321009923955553 0.09138905388799083
1 0.5513946055180537 0.4725958608990563 0.03178199155992112 0.08711675779354001
1 0.7568225362068093 0.4467216491699221 0.01733343962146427 0.09292336923104745
1 0.744950730392292 0.46246038366247105 0.01867270710278599 0.08956024735062211
2 0.8433723449707031 0.2360573238796658 0.02761185963948568 0.07554957071940104
1 0.7099842707316081 0.4692743372034144 0.020590591430664062 0.10760260687934028
1 0.7547342300415039 0.39222047593858506 0.018445587158203124 0.06532615379050925
1 0.5490110651344389 0.40712041049679554 0.02609495804899455 0.05303917440070542
1 0.7210502446246412 0.49572814080424193 0.034303827970770945 0.07564987156073838
1 0.5626159942479292 0.4379407850608688 0.028040449553458652 0.08585573190559108
1 0.3165637334187826 0.4510880081741898 0.0287451426188151 0.07478821365921585
1 0.7260007858276366 0.46652481644241894 0.019119898478190105 0.08418384128146701
