1 0.7181105931599936 0.5610933657045717 0.02512868245442708 0.08712378607855903
1 0.06261697610219319 0.6478623001663774 0.03441960016886393 0.1080595228407118
1 0.8611386617024741 0.5688078703703705 0.031216748555501304 0.0903789378978588
1 0.2799335479736328 0.7772292525679977 0.03153684933980306 0.12428809271918403
1 0.18120915095011392 0.5050963225188079 0.02002243995666504 0.08454878065321181
1 0.3651456832885742 0.42899819833261 0.02105372746785482 0.06800127382631656
1 0.5632144927978515 0.46233808729383674 0.02572854359944661 0.07276667842158564
1 0.8157362132980696 0.43713198061342523 0.015880491392956515 0.06857695402922453
1 0.12601555188496907 0.48850114610460077 0.023038959503173827 0.07738220779984085
1 0.3984142939249674 0.4260276511863426 0.019294198354085287 0.056787759286386
1 0.6758065541585286 0.44650070755570026 0.022716267903645834 0.06708215784143519
1 0.15175228118896483 0.5103291264286748 0.023454888661702474 0.08383582786277488
1 0.6919422149658203 0.39850540161132814 0.016866683959960938 0.061600466127748846
1 0.5803760528564452 0.41457078721788193 0.017206509908040363 0.05748850504557292
1 0.47900241216023765 0.4664898907696759 0.016072781880696614 0.07558997825339989
1 0.628706292899627 0.492134827416111 0.020541739228496114 0.07521881932874616
1 0.613416542903671 0.4923967149522584 0.014759632539922109 0.07514484546802677
1 0.15783966382344564 0.4592792087131076 0.015002504984537762 0.06953393441659433
1 0.2514574785151207 0.3806412710911302 0.010939069764189815 0.051539644323089794
1 0.29501043955485023 0.5073082817925347 0.020730113983154295 0.0793293140552662
1 0.3575765291849772 0.36066092031973374 0.013976732889811196 0.04848321985315394
2 0.2950017293294271 0.5070707533094618 0.020896434783935547 0.07819462528935185
0 0.8041491421232783 0.45888481474803977 0.007455553040833679 0.010512044134202227
2 0.24106106823141502 0.3531651606831876 0.010539272613736727 0.046841211616607696
