1 0.2858314514160156 0.5988511827256944 0.032956441243489586 0.13045772976345485
1 0.15466972986857097 0.42038610952871813 0.033362960815429686 0.11053732412832755
1 0.10599883397420248 0.9267812658239295 0.04117848873138428 0.1464374683521412
1 0.1782289663950602 0.5091787267614294 0.028280131022135415 0.12059981734664352
1 0.019463042418162026 0.7380661010742188 0.03679794470469157 0.1413261131004051
1 0.191620667775472 0.1739256540934245 0.039795239766438804 0.08021248711480036
1 0.38552541732788087 0.5724633110894097 0.027354558308919266 0.13239915635850694
0 0.3883705774943034 0.311779530843099 0.009984079996744792 0.01942794234664352
1 0.47773405710856115 0.5744919953522858 0.025670782725016276 0.11533270941840276
1 0.45903215408325193 0.4476200245044849 0.042824872334798175 0.11898117065429688
1 0.4116541862487793 0.30706888834635415 0.02612781524658203 0.09780383639865452
1 0.43472506205240885 0.579151294849537 0.03301957448323568 0.10687091968677662
1 0.39986801147460943 0.41015619348596644 0.030541578928629562 0.11258471453631365
1 0.42484706242879233 0.5066818802445023 0.03356170654296875 0.10837891190140336
1 0.6558314005533855 0.43135048195167824 0.030400403340657554 0.11263001053421587
1 0.42422876358032224 0.4212557192201967 0.038890647888183597 0.0860884772406684
