1 0.3555101442477834 0.6543942881895909 0.031561001914686505 0.13759443495008641
1 0.8765412220602734 0.6508159568585263 0.03389221176177842 0.13372847945601848
1 0.1765686490194055 0.4755700079577171 0.04153826276204289 0.09909100637429484
1 0.7946551005045573 0.5368387858072916 0.035667800903320314 0.11714522750289352
1 0.5761668523152669 0.5794053819444445 0.03845914204915365 0.1212945443612558
1 0.7778263852955105 0.41416352023871034 0.028747149694751915 0.09794286092122396
1 0.5110342025756838 0.3712005714103475 0.03280629157334715 0.09428400110315391
1 0.7047032674153647 0.43614589549877025 0.033504676818847653 0.10233917236328124
1 0.5137765953916749 0.304480600719406 0.02232342202344483 0.08515308521412035
1 0.4005269081542482 0.45311055466258615 0.05486742655436195 0.08741147551670704
1 0.7115914662679037 0.3672916271068432 0.02735074361165364 0.09315745035807294
1 0.0272092565323114 0.24279985781069072 0.0225783410848248 0.08357714900264018
1 0.7585603119916788 0.309703528100051 0.028174997560420963 0.08308091340241612
1 0.609322992960612 0.32387850726092304 0.02673168182373047 0.0834684583875868
1 0.7484903641447582 0.3803431560435989 0.03320948282877604 0.09640656506269109
1 0.5935171763102214 0.30749169642168894 0.017426935831705726 0.09400538358411877
2 0.34724361678433374 0.5003685450171467 0.044759210513962124 0.10620277102190105
0 0.35097497387309057 0.5233201611625541 0.008845460943671215 0.014052363484981671
