1 0.4645663579305013 0.45136379665798615 0.041092967987060545 0.1080542387785735
1 0.8279148101806642 0.6193319815176505 0.029611142476399743 0.13153929533781827
1 0.3635097821553548 0.5682280363859954 0.03486932118733724 0.13427005343967013
2 0.8720859527587891 0.4893033062970196 0.032040850321451826 0.12768806174949363
1 0.5474222819010417 0.6989282678674767 0.0348669687906901 0.13940503155743633
1 0.6275438944498698 0.6047765661168981 0.033831087748209636 0.12649349636501736
1 0.7012701034545897 0.42320938110351564 0.0367590586344401 0.13064038311993634
1 0.8639784495035806 0.2937954937970197 0.021068636576334634 0.10883822970920139
1 0.6640703837076823 0.27814836855287906 0.03160050710042318 0.11625831038863571
1 0.8294997533162435 0.3073749683521412 0.028089523315429688 0.10813010886863425
1 0.26302054723103846 0.642943940339265 0.03606667518615723 0.14080720124421298
1 0.2275242805480957 0.7373484293619792 0.040936517715454104 0.14598433883101852
1 0.750131861368815 0.39204064828378177 0.046886634826660153 0.12429283989800347
1 0.40293045043945314 0.468408598723235 0.06649675369262695 0.05734159681532118
2 0.501148796081543 0.09018628155743634 0.0208306630452474 0.09058736165364584
1 0.29609680175781256 0.5590486879701967 0.03732322057088216 0.1224813390661169
1 0.31219571431477866 0.5568295514142072 0.030219205220540366 0.1106686062282986
0 0.1175314465408805 0.7735849056603774 0.013364779874213823 0.029350104821802888
