1 0.1851540247599284 0.7751845183195891 0.03907259305318197 0.1038219310619213
1 0.6685904184977213 0.3447024310076678 0.024481201171875 0.06813995926468461
1 0.5187580108642578 0.44629109700520836 0.028131707509358724 0.08140787195276329
1 0.6553926467895507 0.6324641474971066 0.029280344645182296 0.0906850744176794
1 0.367136828104655 0.3635039718062789 0.02303349177042643 0.07515498973705151
1 0.8608678181966147 0.4924070005063657 0.030781873067220054 0.09031072545934608
1 0.7350153605143228 0.4847152144820602 0.02635847727457682 0.08374192979600695
1 0.06334737141927084 0.6247684054904513 0.03309952815373739 0.1073271009657118
1 0.14997243881225586 0.28000075728804974 0.025996955235799157 0.06480794835973669
1 0.2384989420572917 0.22604485970956312 0.022696971893310547 0.06604850203902633
1 0.14506012598673504 0.3886966564037182 0.02164975802103679 0.08200937906901042
2 0.3387963612874349 0.4875212492766203 0.0301576296488444 0.0892004507559317
1 0.6292268753051758 0.3290169044777199 0.01949005126953125 0.06275309809932002
1 0.9056015014648439 0.3822197243019387 0.023660024007161454 0.08573226928710938
1 0.8504240036010742 0.26560321384006075 0.02171478271484375 0.070024659898546
1 0.05316878159840902 0.49800030743634255 0.028367491563161217 0.09337579232675058
1 0.9569892883300781 0.40421552304868347 0.021123695373535156 0.08363737883391203
0 0.6690759177283716 0.36777868969704824 0.006212763381095101 0.011044912677502268
