1 0.3524911963939667 0.5510731697082519 0.03332414388656616 0.09222965240478516
1 0.5393762028217316 0.6645773315429687 0.037956812381744386 0.08927001953125
1 0.1710203478755115 0.3334437084197998 0.0237093738672021 0.08199644088745117
1 0.13385520815592297 0.6527268111203347 0.034027345175371516 0.09400480021918486
1 0.6307207107543945 0.5147215223312378 0.032034683227539065 0.08074103355407715
1 0.2419424255706119 0.7439266204833984 0.02843406517957718 0.10989990234374997
1 0.7776878607273102 0.8002216196060181 0.03519566774368286 0.11387295722961426
2 0.46478064834686067 0.5238084030151366 0.024960161439815113 0.0858734130859375
1 0.5289394253530906 0.5215143442153931 0.024473215333858257 0.09360577583312989
1 0.04922920346260071 0.5605130863189697 0.03483391523361206 0.08882463455200196
1 0.5215903854370117 0.36603052616119386 0.02313385009765625 0.07911602973937988
1 0.9235801315307617 0.5437489080429078 0.026620101928710938 0.09842104911804199
1 0.8778986938811587 0.7307671403884888 0.027298620538463964 0.10658631324768064
1 0.7478455201793323 0.31935590249140033 0.018963513369188553 0.07013711011729727
1 0.06286496857759237 0.36876368522644043 0.017413242246051838 0.08530942916870116
1 0.7959605658054352 0.7197638988494873 0.024799091815948485 0.10229040145874023
1 0.9401262032985688 0.432016077041626 0.024676387310028077 0.0881974983215332
1 0.04460720101306964 0.5035680896294995 0.02067459977905468 0.09076842660647974
2 0.04804368257522583 0.18249188661575316 0.016251487731933592 0.0557024621963501
