1 0.5676697413126628 0.41479831271701384 0.04339497884114583 0.10847394024884259
1 0.7549143199117119 0.4304620248300064 0.029088651596479394 0.10613109447337968
1 0.8827902475992839 0.8159044053819445 0.044766934712727864 0.16249157940899883
1 0.7197207307780282 0.36366334138093237 0.028703343066471872 0.1009890803584346
1 0.3666184107462565 0.7474005805121529 0.042102813720703125 0.14747777868200232
1 0.41377264658610025 0.4591948897750289 0.03873093922932943 0.09774930035626447
1 0.2565788110097249 0.5339651037145543 0.03109401067097982 0.10110066731770834
1 0.40223042170206713 0.730936912254051 0.034862518310546875 0.14101737693504052
1 0.7269552866617839 0.6425958704065394 0.04506772359212239 0.13215450710720486
1 0.8008182525634766 0.5251723112883391 0.03345953623453776 0.11449808191370081
1 0.49423290888468424 0.42204759385850693 0.037843577067057294 0.1012245460792824
1 0.36630099614461265 0.3884279039171007 0.03493200937906901 0.11226509941948784
1 0.22297391891479493 0.4913511488172743 0.02523109118143717 0.10834308200412326
1 0.17721432050069172 0.4970017044632523 0.041321754455566406 0.10980863217954283
1 0.44344609578450517 0.5150053801359954 0.039096673329671226 0.10818422105577258
1 0.45102097193400065 0.422044598614728 0.02625573476155599 0.10209551210756657
0 0.5333712684984644 0.6004029450593178 0.010147529418394892 0.01850568983289933
2 0.4398855638026394 0.6527957492404483 0.028894777011397695 0.14158404314959422
1 0.4337848981221517 0.4123187594943577 0.02752641042073568 0.10339081375687212
2 0.975615099582877 0.14642632095902053 0.033842236824446426 0.07908304708975333
