1 0.9767794585150233 0.5921633239058969 0.046441082969953876 0.17237396240234368
1 0.23707329221801046 0.4491670370101929 0.03263196705217162 0.14282755851745604
2 0.6658483464421687 0.3073888492584227 0.03434731346331869 0.12364542007446287
1 0.8363390602317667 0.6154035291138653 0.03647918701171875 0.1767011833190918
1 0.8125184139161381 0.636504345390368 0.033096249103546145 0.15957153230276103
1 0.8166694390773773 0.5235512018203735 0.03430277585983276 0.11227231025695801
1 0.679649411961899 0.6704193383329391 0.048116996646667784 0.14409385230970362
1 0.7391557693481445 0.6120940017700195 0.03354911804199219 0.18034866333007812
1 0.7075607861880182 0.6467691226686696 0.03569904941357269 0.1853503936980654
2 0.22835871612322137 0.6499584202499868 0.028827424361102125 0.17738359451293934
1 0.7150651543047924 0.6559299482914195 0.03217402322618226 0.139725558891057
0 0.6634751238448335 0.5661711973387253 0.011702633019817926 0.02152876964444995
