1 0.21649999618530275 0.595524314597801 0.046965710322062176 0.10501398157190395
1 0.053250912825266526 0.8431168167679398 0.03951855500539144 0.13969025788483797
1 0.1519587834676107 0.4444842868381076 0.026141373316446937 0.08739499692563657
1 0.1446936289469401 0.6132858841507524 0.052196073532104495 0.1221944738317419
1 0.5742979049682617 0.6493911178023727 0.0381018320719401 0.11369306776258681
1 0.2909244537353516 0.5314939145688657 0.03314905166625977 0.09598173918547453
1 0.4108220100402832 0.46956925568757235 0.029720942179361984 0.0816205625180845
1 0.4610377629597982 0.5361458107277198 0.03628212610880534 0.0974906638816551
1 0.3103711446126302 0.5855820267288774 0.04515218734741211 0.08162191885489005
1 0.47110493977864587 0.6040992454246239 0.025346660614013673 0.09769626193576389
1 0.4094940503438314 0.5673777262369792 0.02750568389892578 0.10440261275679977
0 0.25099271138509116 0.5939343487774884 0.01074632008870443 0.0196859289098669
