1 0.9484000523885092 0.6307093302408854 0.030053456624348954 0.07692633734809028
1 0.6695519765218099 0.528519524468316 0.023450851440429688 0.06708317509403935
1 0.07175384362538656 0.595871423791956 0.028177165985107423 0.07247433132595486
1 0.5360357920328775 0.5133436414930554 0.018226750691731772 0.06273560700593171
1 0.20029687881469727 0.40364894160517933 0.01746643384297689 0.057024383544921876
1 0.871812375386556 0.47983048050491894 0.021615091959635416 0.06365655969690394
1 0.43352241516113277 0.7289386890552662 0.026743157704671224 0.0929228040907118
1 0.6493443806966145 0.32022340562608503 0.01498273213704427 0.04374949137369791
1 0.6470438639322917 0.4414075498227719 0.017664591471354168 0.056218945538556137
1 0.8557467778523763 0.41669076990198206 0.017031733194986978 0.0523725156430845
1 0.393626340230306 0.4002451578776041 0.01754929224650065 0.054679672806351276
2 0.6919907251993815 0.39487225567853007 0.01571820576985677 0.05180019802517362
1 0.5961623949823737 0.3256077765530136 0.011102715528414148 0.03929226504537589
1 0.49367743858001534 0.4594202677408852 0.016164562537235454 0.058106231689453114
1 0.768448766072591 0.3425717389142072 0.014663505554199218 0.04638578626844618
1 0.48594935735066724 0.2651111178927951 0.013050079345703125 0.036007068775318285
1 0.5222375551859537 0.35114503083405674 0.014144070943196614 0.0463578118218316
1 0.6996703465779622 0.30149462664568866 0.0156402587890625 0.03910355744538484
1 0.2884475390116374 0.32786540278681997 0.013456662495930992 0.041461803294994215
2 0.3049659093221029 0.25101210982711225 0.013583628336588542 0.03645172119140625
1 0.6678573667642437 0.3837904974207206 0.011329829764983252 0.04743190166102626
2 0.5263723691304524 0.9327503345630788 0.030317751566569007 0.1031656335901331
0 0.2984489900664053 0.34088799036333656 0.0050903431106381096 0.007038499115944106
1 0.6636929760573449 0.3811597581509678 0.00948783396455056 0.053643418262230826
