1 0.8624965667724609 0.7312217429832176 0.047738838195800784 0.12013261583116319
1 0.2345569610595703 0.71217690927011 0.04249970118204752 0.09908662018952547
1 0.36700785954793297 0.3736326994719329 0.037050692240397136 0.08694613421404802
1 0.4343091011047364 0.477687242296007 0.03612505594889323 0.09587068910951968
1 0.8575916290283203 0.422053301775897 0.03373572031656901 0.09049507423683449
1 0.2992582321166992 0.6761145697699653 0.03548091252644857 0.09544621220341436
2 0.7933919270833334 0.5755955448857061 0.029124577840169266 0.10049930148654514
1 0.5474365234375 0.4280193752712673 0.030835660298665368 0.09370173701533564
1 0.6616467157999675 0.5354380289713542 0.030428949991861978 0.10001802797670718
0 0.19227878252665204 0.738687585901331 0.012701829274495445 0.02224561903211806
1 0.6246075948079427 0.5529669867621528 0.03234227498372396 0.09869537353515626
1 0.617966588338216 0.37666004322193286 0.024059740702311195 0.08574167887369794
1 0.7439371744791665 0.42200506704824947 0.02421461741129557 0.08267138445818865
1 0.8692635218302408 0.3135310137713397 0.02311731974283854 0.07246817129629629
1 0.6529856363932293 0.36714460584852426 0.019531695048014323 0.07610623395001447
1 0.6377763112386068 0.3707109239366319 0.020914904276529946 0.08970975522641782
2 0.9224936167399089 0.15678840919777198 0.02376092274983724 0.06877172964590567
