1 0.19093661308288573 0.42605056762695315 0.033433755238850914 0.1068483140733507
1 0.10699736277262371 0.4914330941659433 0.026407972971598307 0.12367810849790221
1 0.08566841284434 0.39727110686125583 0.02764383951822917 0.11336395828812211
1 0.09579477310180665 0.6435554786964698 0.04081283410390218 0.14059860794632523
1 0.9262413024902344 0.447967529296875 0.026440302530924484 0.10799868548357928
1 0.3619670867919922 0.4944147180627894 0.028897507985432943 0.10923521253797742
1 0.5366278330485027 0.6074570267288774 0.039463011423746745 0.1228159021448206
1 0.8834529876708984 0.3306314539026331 0.02338740030924479 0.09775789048936633
1 0.7580551147460939 0.33635646678783276 0.027150281270345054 0.10608141863787615
1 0.36244303385416665 0.32173625804759837 0.023344898223876955 0.09334968284324363
1 0.49356438318888346 0.6067702681929977 0.04266312917073568 0.12318024811921297
1 0.6314730962117513 0.3264568752712674 0.021964263916015626 0.09368444372106481
1 0.5825621287027996 0.29921323988172743 0.025499916076660155 0.09263961226851852
1 0.5974405924479166 0.2807234587492766 0.023657162984212235 0.0802443610297309
2 0.10285284519195556 0.2556899459273727 0.027187585830688477 0.08749289336027923
2 0.10303773880004885 0.2547778941966869 0.027116028467814125 0.08863600271719474
2 0.6487069447835286 0.395286786114728 0.029429499308268228 0.1043140552662037
0 0.5417142684159234 0.6336455162912102 0.01153798913631931 0.017356291350360636
