1 0.08902671337127685 0.5205277619538484 0.02151651382446289 0.07382292570891204
1 0.33014252980550135 0.38690044261791084 0.015537993113199871 0.05775188869900173
1 0.40023905436197915 0.43579288058810767 0.016028308868408205 0.059870034677011
1 0.3792494455973307 0.3996812608506945 0.01653321584065755 0.0608074046947338
1 0.1642406781514486 0.37960453739872685 0.01688671112060547 0.05590992680302373
1 0.04623764355977376 0.38473753752531825 0.01599875291188558 0.05937533908420138
1 0.13936007817586263 0.3779303091543692 0.016753093401590983 0.05763716521086517
2 0.18420651753743492 0.40214236224139177 0.01614697774251302 0.0589344165943287
1 0.4368927319844564 0.4028228759765625 0.015966033935546874 0.059996400056061924
2 0.9462693532307942 0.6010343198423033 0.01955585479736328 0.07927025689019097
1 0.3950943628946941 0.3749901665581597 0.01855189005533854 0.05021150377061632
1 0.29747765858968095 0.40574889006438075 0.012104670206705727 0.0599811695240162
1 0.22490539212244393 0.413792446322785 0.013742558161417633 0.056435706755684725
0 0.8876631518194477 0.5835002649212495 0.007069920986997999 0.012820123389755234
1 0.9498099220526594 0.544708285236424 0.015257479121350741 0.06436986216370834
1 0.2905097332170091 0.40948925297150396 0.018805989825413212 0.054799743116992955
1 0.2846416987978012 0.3940296924132699 0.015553826171394256 0.036952120358706396
1 0.27226933707055584 0.4060956908977454 0.01597802143061405 0.05253736840115382
1 0.26781528684874756 0.38058113160244816 0.012160264097635452 0.03921449507454534
1 0.2589071864051309 0.39151594272900403 0.007918311505437309 0.05857036764339158
1 0.2540996401339725 0.3965434420975356 0.018947388245153008 0.054045618211713345
1 0.24073748946854742 0.4140140024031826 0.019088786664892967 0.05228599343272731
1 0.236566236086219 0.39729756700281543 0.01300865461607522 0.054045618211713414
