1 0.20447956720987956 0.4985556143301504 0.01653294563293457 0.06310950385199653
1 0.03957124551137288 0.671551513671875 0.01888706882794698 0.07864464653862847
1 0.7600982666015625 0.42393889250578703 0.020542335510253907 0.06064540721752025
1 0.3268919626871745 0.42055048059534145 0.015454133351643883 0.0615942778410735
1 0.16384903589884436 0.4189487315990306 0.015993165969848632 0.056212531195746526
1 0.3226880391438802 0.5204773514359086 0.016783714294433594 0.0682644314236111
2 0.07416902383168539 0.5174093175817419 0.020884593327840165 0.07189568413628472
1 0.03725490172704061 0.4033161022044995 0.016283353169759113 0.05713766592520255
1 0.2821160316467285 0.43456522623697913 0.0158233642578125 0.0623681245026765
1 0.0248869260152181 0.5537341082537616 0.017603834470113117 0.07028893364800347
1 0.21185843149820965 0.3764900772659867 0.01582754453023275 0.05441578052662037
1 0.16494426727294922 0.3499768009892216 0.013842376073201497 0.0568227697301794
1 0.29256362915039064 0.3863936812789352 0.016022777557373045 0.06354644210250289
1 0.10998769601186115 0.47873913800274875 0.015173196792602539 0.06418459856951678
1 0.8891112009684243 0.39691156457971644 0.03216253916422526 0.04622339319299768
0 0.8753046310760147 0.39781511456287916 0.010269030381975313 0.01304003858028608
