1 0.14262011845906575 0.8425445556640624 0.046005837122599286 0.11640421549479169
1 0.3451510429382324 0.635018977412471 0.038758468627929685 0.10656568739149305
1 0.04981479247411093 0.5735415423357928 0.038843973477681475 0.10428523310908565
1 0.09001238346099853 0.5373120343243634 0.04574308395385742 0.0876135366934317
1 0.5951201121012369 0.6986711290147569 0.026780319213867188 0.1069967199254919
1 0.19611692428588867 0.7212369565610531 0.039922444025675456 0.11975679750795716
1 0.5402295430501302 0.5364861947518809 0.033562787373860675 0.09941180193865741
1 0.4097245534261067 0.6131155508535879 0.03698294957478841 0.10472745542173033
1 0.278097407023112 0.5869307906539352 0.02824179331461589 0.10298704924406829
1 0.43732732137044267 0.6042958577473958 0.026978333791097 0.0963016086154514
1 0.36948979695638023 0.5880906846788194 0.03478517532348633 0.0977054172092014
1 0.4066450754801432 0.45710997404875575 0.025841267903645836 0.08999215585214121
1 0.5070768356323242 0.5696556373878763 0.03628966013590495 0.10335184733072916
1 0.36184870402018227 0.4373756691261574 0.027831490834554037 0.08812496044017651
1 0.5641333262125652 0.4436499136465567 0.02251497904459636 0.10150313200774017
2 0.1993320147196452 0.4741809986255787 0.029235680898030594 0.10593648839879918
1 0.4325446446736654 0.4478844536675347 0.023628711700439453 0.09858062179000289
1 0.5082036654154459 0.4903373435691551 0.022636095682779953 0.09071310537832755
1 0.5786908467610676 0.555052015516493 0.02296956380208333 0.09309573703342014
1 0.5632368723551432 0.5446151733398438 0.01894079844156901 0.10167778862847224
0 0.5105951228982359 0.4004140721004081 0.0060620014061247215 0.011315735958099395
