1 0.6471625010172525 0.8027242589879919 0.04295330047607422 0.1154926441333912
1 0.21215651830037432 0.4328635886863426 0.02835048039754232 0.08254224989149306
1 0.6809460322062175 0.5739117092556424 0.031922531127929685 0.10802047164351852
1 0.29275315602620444 0.5504673710575809 0.0332305908203125 0.09231527822989005
1 0.008840710918108622 0.41904104727285885 0.017681421836217244 0.0964885570384838
1 0.4682549158732096 0.4232228031864873 0.0241851806640625 0.09936834264684606
1 0.5734767913818359 0.41335268373842593 0.02556610107421875 0.09060866744429977
1 0.4893531799316406 0.40495478312174477 0.03186120986938477 0.08210969147858796
1 0.6153739929199219 0.4116314358181424 0.021396636962890625 0.08647234881365741
1 0.35514087677001954 0.35862387197989 0.01918760935465495 0.09578733091001157
1 0.1825543721516927 0.5702053493923611 0.022439193725585938 0.10403736255787037
1 0.38756752014160156 0.4123257672345197 0.039972082773844404 0.05409398961950231
1 0.11635467211405436 0.5171187789351852 0.0363559087117513 0.086793292010272
1 0.5489009857177735 0.40702876338252314 0.03332220713297526 0.05031387894241898
2 0.11093330383300781 0.46696206552011 0.024720613161722818 0.08558180067274306
1 0.6369279225667317 0.4027292887369792 0.01988538106282552 0.09328486124674479
1 0.6593130038437939 0.4233977142516134 0.015975677265672915 0.095459602426984
