1 0.18258231433446048 0.6103146160712655 0.02547080505080552 0.11226697813181437
1 0.2802552832773068 0.41696186433939464 0.019697083408129482 0.09091389656066891
1 0.31723722457885745 0.42013753175735474 0.03287200927734375 0.07758936405181885
1 0.5988090372085562 0.6039821663224265 0.04562123298645013 0.105585487430009
1 0.8485272004876304 0.7704503583331938 0.04577617645263672 0.1266523551940918
1 0.6120513950219527 0.449343634458693 0.026704865547364575 0.08974410702634464
1 0.9342839241027832 0.5617434930801392 0.027697181701660155 0.10599614143371582
1 0.9620692559968682 0.7007739067077634 0.03234056887850334 0.11950893402099602
1 0.5379226875305175 0.4273248863220215 0.020327949523925783 0.0899509048461914
1 0.8601114654541016 0.6529441022872925 0.02481536865234375 0.1131308650970459
1 0.5878561210632324 0.29458932638168334 0.019295692443847656 0.07645907878875732
2 0.46261563206241507 0.158952605936504 0.021526157057956363 0.056605882805377844
0 0.379978269909542 0.43468101672379633 0.016253604574243283 0.012801713870008698
