1 0.6828296025594075 0.4942486798321759 0.034511566162109375 0.1355120058412905
1 0.9723506291707357 0.5121804131401909 0.03704744974772135 0.13516981336805556
1 0.10663723945617676 0.4653012311017072 0.0492293914159139 0.11303747671621817
1 0.633495839436849 0.5252965291341146 0.03919436136881511 0.11945973149052373
1 0.820141092936198 0.7373677571614583 0.07304681142171224 0.14276123046875
1 0.5595296859741211 0.6060422544126157 0.03347078959147135 0.14036079689308448
1 0.5884995142618814 0.6127282036675347 0.03332188924153646 0.14083596688729746
1 0.7948911031087239 0.4180671974464699 0.043028704325358075 0.11380510683412905
1 0.8154671986897788 0.38955589577003763 0.030627759297688805 0.13037052860966436
1 0.7726573944091797 0.6390419288917825 0.036990928649902347 0.16419219970703125
1 0.492963155110677 0.5605963812934027 0.04636023839314778 0.14680848298249422
1 0.7465095520019532 0.6744387026186343 0.048967679341634124 0.15921512179904515
1 0.4099912325541178 0.6639226842809606 0.04491570790608724 0.15305599636501735
1 0.6234965642293294 0.46684988516348386 0.03107706705729167 0.12781120582863137
1 0.47618303298950193 0.5501494231047453 0.021238962809244796 0.12564669008608217
0 0.5943396226415094 0.5262054507337526 0.018867924528301928 0.029350104821802888
