1 0.9325290044148764 0.6850822166160302 0.04543813069661459 0.10472310384114585
1 0.8773839314778645 0.5678467927155672 0.048017692565917966 0.09132837366174769
1 0.678921127319336 0.21870026765046297 0.0347469965616862 0.0698971218532986
1 0.7603445053100586 0.45426409686053243 0.033336639404296875 0.09090341638635707
1 0.8908285776774088 0.12495693630642361 0.037288729349772134 0.07255646034523293
1 0.6700571695963541 0.31843306929976856 0.032142893473307295 0.07697087040653935
1 0.36539993286132805 0.7326435795536748 0.04020264943440755 0.1201454445167824
1 0.9381370544433594 0.38658888075086806 0.0371127446492513 0.08618217750831887
1 0.6406585693359375 0.28792617232711226 0.03472709655761719 0.07657106187608508
1 0.5017375946044922 0.5212271231192129 0.02756214141845703 0.09696937843605324
1 0.11614396572113035 0.308453369140625 0.030361302693684897 0.07003803959599247
1 0.9909212748209635 0.42086989791304974 0.018157450358072917 0.09971288045247396
0 0.38275369008382154 0.7564394350405094 0.010108470916748047 0.019424721046730323
