1 0.3722602653503418 0.5363647556304931 0.024309349060058594 0.08592416763305664
1 0.6954710318894683 0.55180396080017 0.02626058384329896 0.08565176010131838
1 0.14538700580853925 0.536358299255371 0.020078376125670178 0.08539474487304684
1 0.6726465606689453 0.4114790868759155 0.022206878662109374 0.0761103343963623
1 0.2976123768104052 0.36691970825195325 0.017412003276162394 0.07180023193359374
1 0.6845633506774902 0.31997851371765135 0.020570945739746094 0.05654302597045899
1 0.7362098632006344 0.5484399652481065 0.01993904932768152 0.08988392829895013
1 0.9822564004376505 0.5864952850341768 0.022802872952824734 0.10157775878906242
1 0.3361913233995438 0.3661948776245117 0.019157472848892212 0.07433853149414063
1 0.5871772740772377 0.378207659721374 0.021808390317563306 0.06403952598571777
1 0.8525774060385636 0.35634974413975606 0.023110592106424317 0.06331495153634767
2 0.4134366798400879 0.48798217296600344 0.02126140594482422 0.08770567893981934
1 0.6014191184191408 0.3121874475479125 0.02618593886464896 0.05653126716613771
1 0.4372647476196289 0.45190313816070554 0.02093849182128906 0.07534787178039551
1 0.5049522606566046 0.8355087601636083 0.027207557343198588 0.1461492658666305
1 0.16243381977338295 0.4544962453842162 0.020870957369432765 0.0857704448699951
1 0.1878128522621656 0.4776604986190795 0.025290926692300042 0.0826240825653076
1 0.53666459441185 0.2877743005752563 0.0175512957572937 0.0566903018951416
2 0.39153773307800294 0.23865260124206544 0.016219234466552733 0.05845243453979492
1 0.6554815548658371 0.27172806978225705 0.01665051817893982 0.059876503944396975
1 0.992747745513916 0.48553534507751467 0.014021492004394532 0.08852064132690429
0 0.7382310301862891 0.32032350108279467 0.0061593151638720655 0.01034156620106927
