1 0.639358647664388 0.7326759620949074 0.04796104431152344 0.1613584730360243
1 0.30531606674194334 0.7734303227177373 0.051384925842285156 0.183245849609375
1 0.7178257624308269 0.5533432006835938 0.03931020100911458 0.1420963993778935
1 0.3968844095865886 0.46263099952980324 0.03466043472290039 0.12071445606372974
1 0.607687250773112 0.37713425247757526 0.0348785400390625 0.12969818115234374
1 0.38901643753051757 0.8783672756618924 0.05708942413330078 0.17552727593315973
1 0.511547597249349 0.561429680718316 0.038725757598876955 0.1288124367042824
1 0.8352370580037436 0.4178021183720342 0.03598912556966146 0.12996515344690393
1 0.518492317199707 0.23869301124855327 0.04763081868489583 0.0715703045880353
1 0.9384962717692056 0.7337615966796875 0.04881369272867839 0.13690598099320023
1 0.5835357030232747 0.9633206967954283 0.05333264668782553 0.07335860640914352
1 0.470072428385417 0.41578962384713875 0.05204064051310219 0.12804443378058145
1 0.9492888768513997 0.6674156471535012 0.03893063863118489 0.11781785753038194
1 0.4981761932373051 0.3908780453840275 0.0372910817464193 0.13052156996184758
1 0.49573461186991963 0.4784493175161076 0.06815854580986354 0.13607410215159932
0 0.46145465114823137 0.4364802029410133 0.010844158081739266 0.019278503256425345
