1 0.31948598225911456 0.7307588365342883 0.03420559565226237 0.1324511492693866
1 0.6355402628580729 0.5830599184389468 0.030500157674153646 0.09358413131148727
1 0.5027483622233073 0.5128654762550637 0.03155094782511393 0.08643801653826678
1 0.48284339904785156 0.8147207754629631 0.03447246551513672 0.14386144567418982
1 0.8614338556925455 0.7464875397858797 0.037361526489257814 0.12832839400679977
1 0.5869192759195964 0.5903101038049767 0.03328558603922526 0.10298524079499422
1 0.6780540466308596 0.6023327862774884 0.027684911092122396 0.08904481110749421
1 0.46352036794026696 0.4944441053602431 0.02575375239054362 0.09742697256582755
1 0.41732355753580724 0.46389061256691255 0.02464907964070638 0.09058877450448495
1 0.21651226679484048 0.6471428765190972 0.024490165710449218 0.11733347574869792
1 0.5913846333821615 0.4493952150698061 0.0319851557413737 0.08708173963758681
1 0.5691674550374348 0.5095165111400464 0.02677663167317708 0.08876385158962673
1 0.36807066599527993 0.534048914026331 0.02788203557332357 0.09192623562282985
1 0.6933724032882936 0.72386711968316 0.034616143273865044 0.12244381374782985
1 0.02171630859375 0.9360617178457755 0.0434326171875 0.12787656430844907
2 0.23190145492553707 0.6102496111834491 0.022996203104654948 0.11383943910951967
1 0.36100870768229165 0.4573026869032118 0.020862038930257162 0.0894012451171875
1 0.37355213165283324 0.45367323651443703 0.01915527979532876 0.07325016564365071
1 0.8565472920735678 0.8727141768844039 0.031200726826985672 0.14390767415364583
0 0.6846314791710638 0.7411133823705403 0.00848787847999148 0.015457599833480629
1 0.36614738836308847 0.5028346647894207 0.03306546221522574 0.0792680440984534
