1 0.33134333292643225 0.5525670934606481 0.05079469680786133 0.1313650060583044
1 0.3246986071268717 0.6894311410409434 0.03678124745686849 0.1049380832248264
1 0.5855458577473958 0.37546463012695314 0.02899761199951172 0.100587237322772
1 0.15267111460367838 0.6443705240885416 0.042188986142476397 0.11265829580801505
1 0.5995167414347331 0.5999876799406829 0.03286895751953125 0.11310752586082176
1 0.9193186442057292 0.21447786401819297 0.026596260070800782 0.08602472941080729
1 0.9595006306966145 0.4722006338614005 0.03883406321207682 0.11453190556278935
1 0.7151082356770835 0.44994953296802664 0.03481438954671224 0.09840090716326678
1 0.796898905436198 0.23706721553096066 0.027598126729329427 0.08858142428927952
1 0.9634199778238931 0.31724864818431714 0.024328867594401046 0.0960335060402199
1 0.17950571378072105 0.2367120248300058 0.02560733159383138 0.09995692217791521
2 0.8096593221028647 0.01973769399854872 0.023499997456868493 0.03947538799709744
1 0.7429098129272461 0.391288079155816 0.02870941162109375 0.09927509449146411
2 0.7427071889241538 0.3913863288031684 0.02791131337483724 0.09908548990885419
0 0.34630503144654085 0.4640111809923131 0.01022012578616355 0.025157232704402545
