1 0.5032687505086263 0.43458698413990166 0.025698979695638016 0.08946490817599827
1 0.6111270904541015 0.5276536164460359 0.02306785583496094 0.09030433937355324
1 0.4937102953592936 0.3401151869032118 0.023612848917643228 0.07051417032877604
1 0.09083261489868164 0.3425100255895544 0.02008967399597168 0.07232863814742477
1 0.5767995198567708 0.527441801848235 0.03354638417561849 0.0786274097583912
1 0.406923230489095 0.4580290617766204 0.02291043599446614 0.0873429192437066
1 0.12215347290039061 0.36104741979528354 0.0223373015721639 0.06993054990415219
1 0.44937810897827146 0.32806390832971644 0.024481137593587235 0.06892242431640624
1 0.44823805491129565 0.430958585385923 0.02210385004679362 0.08871759485315395
1 0.2568989276885986 0.4089542247630931 0.020473575592041014 0.08848317464192706
1 0.6701231002807617 0.39495318377459493 0.021996307373046874 0.09183013350875288
1 0.684512658623573 0.43188663116739684 0.033267795593279435 0.07355352215232279
1 0.6077293395996094 0.3806102328830295 0.03887093861897786 0.04666324191623264
2 0.30272318522135416 0.43115759955512156 0.0253662109375 0.08634685940212673
