1 0.4092413425445557 0.5727845509847005 0.032290530204772946 0.1286172654893663
1 0.8883584976196289 0.5367081536187066 0.030935096740722656 0.1100213368733724
1 0.6571527427988567 0.8431725699401437 0.03191957293527422 0.1450283233384026
2 0.9877841949462891 0.7376027425130209 0.024431514739990234 0.14851078457302516
1 0.556229461875201 0.5371592203776063 0.038633123498030615 0.1015086279975044
1 0.3459918737411499 0.8012298583984375 0.031208896636962892 0.13922144571940104
1 0.5251420109215467 0.576133558485244 0.030696791160719262 0.12628267076280383
1 0.361480642834357 0.6768762884711016 0.03806178863654808 0.11764719654955268
1 0.7362090587615967 0.5504372914632161 0.027844333648681642 0.12591205173068576
1 0.311390169428979 0.5799942016601581 0.0766981283171851 0.05595181783040364
1 0.21229749687010863 0.9782494227091435 0.027948756009067835 0.04350115458170494
0 0.10110828290278218 0.4797562938222289 0.011841625586719928 0.018622727418431354
1 0.35934720455815994 0.6442341054184388 0.03121930724154219 0.09860855620629533
