1 0.0904913266499836 0.8415134761268581 0.03586797791070751 0.11745228574785953
1 0.42143565659554855 0.6824809931073065 0.03158569525818677 0.10933317961516202
1 0.13412241358892862 0.6891230080262857 0.0292511103737116 0.10248723812816897
1 0.49646987665952985 0.7815633658879172 0.039108693423681964 0.10866025268038157
1 0.4558150559517093 0.5611040945145526 0.027965310083936143 0.10369110107421879
1 0.6995728063638932 0.4549206670174697 0.021280792493121717 0.10619495533130749
1 0.3306329029118449 0.5507169392439014 0.024773729263533467 0.09641849629712106
1 0.7751431147257487 0.5097517790617766 0.03446210225423177 0.09892648767541956
1 0.4069268637467695 0.25652677615618524 0.019483516466962576 0.0770394672111618
1 0.38699731826782224 0.43642041241681134 0.038022486368815105 0.10021698563187212
1 0.31418133395605913 0.3685916855206309 0.0223803696846679 0.09531391285083955
1 0.6323093283162541 0.3472584145182113 0.01817599528045307 0.08629080167494645
1 0.9190489451090496 0.29306157430013025 0.023615074157714844 0.09138064914279515
1 0.20553741455078126 0.5040431835033276 0.03043719927469889 0.09514383386682582
1 0.8141910552978515 0.2236546551739728 0.025152715047200524 0.08059087682653358
1 0.25799999237060545 0.3755324752242477 0.029421281814575196 0.09742264924225984
1 0.5567472459316067 0.167577910094104 0.018824463148083777 0.06872619099365058
2 0.4138545915264406 0.5110645823486967 0.023506616479329594 0.09738451281383051
2 0.49204459521848015 0.09611426782673332 0.014578177577595674 0.06612327904024108
0 0.46742536944564217 0.8140950908845767 0.011529142109871236 0.020984190377372997
1 0.6573574066162113 0.2694433141637729 0.01370355754471176 0.08777424847638109
