1 0.6896022415161133 0.48917983531951903 0.01643028259277344 0.0811484432220459
1 0.32241555571556085 0.4523259748119283 0.016622416973114007 0.08031723282698165
1 0.6204706317186356 0.3863460803031921 0.016667810678482057 0.06486104488372803
1 0.2300925248861313 0.4824025297164917 0.017875860929489135 0.07693114280700683
1 0.7602621644472518 0.5738038349151611 0.021586672120205434 0.07898576736450187
1 0.0669445514678955 0.4345771503448486 0.01735489845275879 0.0774247932434082
1 0.8142864227294921 0.3794872784614563 0.015775299072265624 0.06816355228424072
1 0.25916972756385803 0.49131629467010496 0.017850143909454344 0.08133788108825683
1 0.34079922378063204 0.3209747934341431 0.013153775930404663 0.058397531509399414
1 0.8427042906264003 0.4435166573524475 0.01611195707727819 0.07638176441192625
1 0.257368803024292 0.4109810519218445 0.015266704559326171 0.0696856451034546
1 0.21865259170532225 0.5536001014709473 0.023305892944335938 0.09022228240966797
1 0.45380037248134614 0.506033546924591 0.016824911832809448 0.07477095127105712
1 0.20187752246856688 0.5613652420043945 0.016914987564086915 0.08434928894042969
1 0.4799042576551437 0.44476842641830444 0.0160312020778656 0.07719150066375732
1 0.5271703814080732 0.4045078247589512 0.015298202313700892 0.06928771372688712
1 0.4813215429591998 0.3967346262931814 0.015629008808161978 0.06547257900238034
2 0.5215713882446289 0.38884811162948607 0.013455581665039063 0.06443961620330811
2 0.3300460271653838 0.2525560634796048 0.010520490407943726 0.04495497703552247
1 0.30052956904999006 0.3333379756313395 0.015215450282798788 0.06101865551832693
2 0.14734795570373535 0.23213559865951539 0.013051986694335938 0.04141025066375732
