1 0.3921327590942383 0.7568336769386574 0.04427817662556966 0.0867837976526331
1 0.9348841349283853 0.7396922923900462 0.041543769836425784 0.08869120279947916
1 0.7315168380737304 0.59892578125 0.0354162851969401 0.0880266542787905
1 0.4811656634012858 0.363615897849754 0.03555920918782552 0.08011220296223959
1 0.04924770196278891 0.2471536706995081 0.02802215814590454 0.0705850813123915
1 0.5157550811767578 0.1806181165907118 0.025328413645426432 0.06113173873336227
1 0.759200922648112 0.8163613778573494 0.03369623819986979 0.08867617006655093
1 0.613160514831543 0.592572021484375 0.026638031005859375 0.07486001473885995
1 0.6361746470133464 0.6835493864836516 0.03790613810221354 0.0813648365162037
2 0.8559743245442709 0.41785204852068863 0.0343142827351888 0.07409026534469039
1 0.47413708368937174 0.184652582804362 0.022525151570638016 0.056425221761067706
1 0.922196896870931 0.2976400304723669 0.022306060791015624 0.06255210593894676
1 0.9028190612792969 0.0801513813160084 0.025763193766276046 0.05276560606779875
1 0.7636003494262695 0.27736700552481186 0.02476323445638021 0.06692081027560765
1 0.49774417877197275 0.6028845327871818 0.04427801767985026 0.08696808991608798
0 0.3404745737711588 0.7642669677734375 0.011348247528076172 0.0213033605504919
1 0.4944968553459119 0.5960866526904263 0.020440251572327095 0.08525506638714188
