1 0.9044504165649414 0.5646607293023004 0.043886756896972655 0.09916063944498697
1 0.9745378494262695 0.8985812717013889 0.05044145584106445 0.15298428005642362
1 0.6991775512695313 0.5223741319444444 0.04073863029479981 0.10400466918945313
1 0.8726305961608887 0.280796390109592 0.02579669952392578 0.0730099148220486
1 0.4796280860900879 0.3265931447347005 0.030625677108764647 0.0734434339735243
1 0.374879323321817 0.4378338286364681 0.02491111586541591 0.0900620211660033
2 0.07710236310958862 0.44567625257703997 0.04218429923057556 0.09371545579698351
1 0.6799483500932947 0.3256618816681168 0.02387165288434528 0.07081364506366379
1 0.5051825523376465 0.32252752516004773 0.02223968505859375 0.06867292192247179
1 0.5770941734313966 0.38923467000325523 0.02575240135192871 0.07313365936279297
1 0.7589515686035156 0.2701841566297743 0.02438778877258301 0.07545998891194662
1 0.8185305595397949 0.40392193264431425 0.0273895263671875 0.0829543219672309
0 0.6496482849121094 0.30380096435546877 0.009598398208618164 0.01546365949842665
1 0.2874936792735722 0.42167117293245476 0.0267952134186006 0.08585961905900132
1 0.7891472816467285 0.3507354312472873 0.02603740692138672 0.06988932291666666
2 0.9955995329173166 0.41675227011084687 0.008800934165355892 0.0723103780072606
