1 0.34525968508520527 0.30918504714965783 0.018697134788877537 0.07438060760498041
1 0.40470447540283183 0.7389738225936867 0.02343093841613543 0.10292765617370601
1 0.4784190576000364 0.476493913174839 0.01964527447161731 0.08952959108003601
1 0.14320885517497267 0.7165561692708872 0.02184010381374891 0.10478515625
1 0.19687987241345262 0.5856832506639195 0.023990068283384666 0.10113287925720205
1 0.9087417297667848 0.3614788603782651 0.016670776123533133 0.07631412029266349
1 0.7721276741713109 0.36945081710815425 0.018397300522245974 0.08401218414306638
1 0.3486662428302917 0.5404331731796265 0.024912929813780068 0.09114787101745599
1 0.741782264785614 0.6329391224390125 0.01708862274230626 0.10198161125183107
1 0.022419276744781738 0.7664999134546364 0.02745576640374543 0.11074931144714338
2 0.965 0.9535870361328125 0.045536041259765625 0.09282577514648438
1 0.8862536926726382 0.5225899107462023 0.020460174286436275 0.09315773010253894
2 0.2993815722617796 0.5848242456918812 0.021750174278745763 0.09692800521850574
1 0.8034903357257384 0.7727046346664429 0.02447885556420851 0.112666654586792
1 0.4847587776184082 0.7265155696868897 0.036538887023925784 0.1249647331237793
1 0.4527164363480371 0.5973983220960993 0.02828580863937409 0.11341752435638323
1 0.1114749464836425 0.417704576014309 0.01756444048357965 0.09256879806518553
1 0.4389016622178811 0.6488602753554761 0.037584879398345934 0.024087131196091162
2 0.25130983352661085 0.15580505492470892 0.01644470809335799 0.059980700059379395
1 0.6728425543612825 0.6424609343999766 0.01826150914437616 0.10899725914001461
1 0.5810689675807953 0.9785850358009338 0.025595729351043702 0.03920864582061768
1 0.4382628862299729 0.6751553974428589 0.03682290110331948 0.04275130468231197
0 0.42774205734331017 0.7005389845979816 0.007765373702060501 0.015141087074985505
