1 0.6212773640950521 0.6543552539966724 0.03336289723714193 0.07604358814380786
2 0.16783701578776042 0.5057921233000578 0.018665838241577148 0.0778154726381655
1 0.31671117146809896 0.45475701226128473 0.02727816899617513 0.05286469636140046
1 0.1652664025624593 0.6298568725585937 0.022603289286295573 0.08577643500434026
1 0.40951976776123045 0.4944409405743634 0.021116097768147782 0.06672467832212095
1 0.832897694905599 0.8232811821831596 0.023955027262369796 0.09945017496744792
1 0.2424425760904948 0.5382264313874421 0.02064030965169271 0.07387700963903357
1 0.33557939529418945 0.49068682635271993 0.028805033365885416 0.07004275851779514
1 0.43017075856526693 0.48271529586226847 0.02435779571533203 0.06046645553023726
1 0.8397734324137369 0.6487043027524595 0.028044891357421876 0.07580283836082176
1 0.49553254445393874 0.5220055474175347 0.02020877202351888 0.06094094735604745
1 0.012659625212351483 0.47331113462094904 0.01719661553700765 0.07106526692708333
1 0.36188042958577477 0.4852801852756076 0.023125076293945314 0.06443580344871239
1 0.5224478403727213 0.5069942898220485 0.019628079732259114 0.07108465124059607
1 0.4716718355814616 0.5117451985677084 0.02144794464111328 0.0631622314453125
1 0.5358667373657227 0.5100010624638309 0.016742706298828125 0.06673629195601852
1 0.5096503257751465 0.4650119357638889 0.023400497436523438 0.05332435325339988
1 0.36438579559326173 0.4449959083839699 0.016772047678629557 0.05577011108398437
1 0.35098845163981124 0.4606639720775463 0.016559378306070963 0.06337576972113715
0 0.5817610062893082 0.47030048916841366 0.011006289308176136 0.015373864430468202
