1 0.8553628285725913 0.45935719807942704 0.01785386403401693 0.05299487643771701
1 0.4141648928324382 0.34325369375723375 0.012923876444498696 0.04382134896737558
1 0.34972362518310546 0.44437538429542817 0.013698736826578774 0.047751532660590276
1 0.17608842849731446 0.4196686921296296 0.01271052360534668 0.04927345558449074
1 0.27543633778889975 0.3688055532949942 0.011967976888020836 0.04751990989402488
1 0.43590602874755857 0.39492922182436346 0.01203568776448568 0.046592966715494795
1 0.5033024865022595 0.451251287918122 0.01474911371866862 0.051370465313946755
1 0.6424907684326172 0.3503071537724248 0.011689313252766927 0.042478405987774887
1 0.7296009699503582 0.35946756998697915 0.013556798299153648 0.04864256117078993
1 0.6713748931884765 0.4503243340386285 0.014115969340006508 0.0494013750994647
2 0.2999940236409505 0.4828232376663773 0.014213720957438149 0.05225361011646412
1 0.15719610850016277 0.4946376659252026 0.01640211741129557 0.05689719871238426
1 0.6459700266520183 0.5086027922453704 0.015372784932454427 0.0517621640805845
2 0.25262614885965984 0.27832757455331303 0.011820697784423828 0.03617740207248264
1 0.5177791277567546 0.5360986780237268 0.01570593516031901 0.06383655689380786
1 0.3149272282918294 0.3252647117332176 0.010760847727457683 0.04130251849139179
1 0.5044907251993815 0.354401934588397 0.012933413187662758 0.04238583600079572
1 0.14616479873657226 0.5343233461733218 0.014347600936889648 0.057208421495225696
1 0.6246534983317058 0.3407250863534433 0.01084009806315104 0.04033850210684317
1 0.5100404739379882 0.3071414523654514 0.013140137990315754 0.043300967746310766
1 0.5127952575683594 0.3898008275915075 0.013574822743733722 0.047487442581741895
0 0.508554604394267 0.4686569645537489 0.006221530468557716 0.00857188642334613
