2 0.6388647715250649 0.6811097671248021 0.0341608047485351 0.13986871580464666
1 0.8013568878173828 0.5045483624493634 0.036884435017903644 0.1109148378725405
1 0.7043497721354167 0.5471894440827546 0.04808076222737631 0.10600263807508681
1 0.686230214436849 0.42805424442997686 0.03917884826660156 0.10082442672164352
1 0.49276701609293616 0.4477363586425781 0.03019777933756511 0.09642723931206597
1 0.5761911392211914 0.5080130683051215 0.03429349263509115 0.12024459838867188
1 0.5636258443196615 0.3905626650209781 0.025628662109375 0.10482966105143228
1 0.9151884714762368 0.9053644250940392 0.03973852793375651 0.16022632740162038
1 0.7654543558756511 0.33308015046296297 0.03650048573811849 0.11558021262839988
1 0.4068413416544596 0.4389417577672887 0.03523753484090169 0.08763501202618634
1 0.5419745763142904 0.4290401317455151 0.03582293192545573 0.05807967009367767
0 0.47673167272551026 0.3608853792783943 0.008015869627933513 0.01469576098454482
1 0.2551491032728579 0.4924635543793257 0.018154178710991998 0.11475233950651713
1 0.14561889171653963 0.5394402933648057 0.02904668593758707 0.11546954162843269
