1 0.3496742248535156 0.5807960792824074 0.0315156618754069 0.13202542905454281
1 0.6667509714762371 0.5109185677987558 0.028310712178548178 0.11446626451280383
1 0.91851380666097 0.5663117020218461 0.026580810546875 0.13351542154947918
1 0.7876469930013021 0.6095170762803819 0.030984242757161454 0.1330378214518229
1 0.7150119781494141 0.5548914026331019 0.02923520406087239 0.13313943368417244
1 0.3818942070007324 0.6268381754557292 0.03377596537272135 0.14282040066189236
1 0.5757703145345043 0.5681051815441464 0.032162348965112775 0.14032438852122484
1 0.308723513285319 0.5414213957609953 0.02658529281616211 0.12109979700159142
1 0.7013626098632812 0.5087758382161458 0.02313817342122396 0.10744883219401041
1 0.8167059227769751 0.5905364391758391 0.03425598573131844 0.1346639187885001
1 0.7938190460205078 0.5026828342013889 0.027335294087727866 0.10560873526114005
1 0.9853523254394532 0.764591923466435 0.029295412699381507 0.14464540834780093
2 0.9768915812174478 0.6557410346137152 0.04491888682047526 0.15526286937572337
1 0.28498592376708987 0.5248426649305555 0.03474744160970052 0.1253239949544271
1 0.5718616485595702 0.5186811339180424 0.028487078348795568 0.11347775675882249
1 0.9933924992879233 0.5971060293692129 0.013215001424153645 0.11554141574435764
1 0.8055562973022448 0.5523955928156703 0.02469889322916665 0.12339944843516197
