1 0.6019776026407877 0.6346991644965277 0.027834192911783854 0.1168791029188368
1 0.5446870168050131 0.617006202980324 0.028556219736735024 0.11267671938295716
1 0.1418713410695394 0.6893690886320891 0.030670897165934245 0.11374862105758102
1 0.7485747655232748 0.5829635054976852 0.02451833089192708 0.11416925500940395
1 0.4183823903401693 0.5159758391203704 0.022532049814860025 0.10363023546006944
1 0.48197479248046876 0.5790805957935474 0.026529216766357423 0.11491552282262733
1 0.6949232737223306 0.5616101300274884 0.027871767679850265 0.11215560347945602
2 0.16247692108154296 0.5820061577690973 0.03706560134887695 0.11850783736617476
1 0.7207566579182944 0.5003794352213542 0.02721989949544271 0.1099056667751736
1 0.6334089914957682 0.48023964210792824 0.022076098124186195 0.09644071790907117
1 0.5266841252644857 0.5715643423574942 0.02177851994832357 0.11406566478587964
1 0.5898183186848958 0.5315042001229745 0.019692675272623698 0.09871797914858217
1 0.5025228818257649 0.5375521059389468 0.02251542409261068 0.10507467764395255
1 0.3533268928527831 0.2140655517578125 0.022111447652180993 0.07692944561993634
1 0.5436402638753255 0.5079013965747975 0.022440783182779946 0.09546822441948785
1 0.5746373494466146 0.5035090128580729 0.02308069864908854 0.10093640927915219
1 0.5597564061482747 0.5778859456380208 0.02447942097981771 0.10250769721137151
1 0.5300018310546875 0.4930433485243056 0.02018887201944987 0.10449603045428241
1 0.574194590250651 0.554906830964265 0.023572095235188804 0.1113750316478588
0 0.9260681788126628 0.6084645024052373 0.014341100056966144 0.020674415870949075
1 0.574772071838379 0.5338065818504051 0.023573684692382812 0.14521620008680555
