1 0.438593874567119 0.7114940126936977 0.035110906579868734 0.15219624837239581
1 0.5116907755533855 0.6514068603515625 0.03256584803263347 0.12753957112630207
1 0.6376482645670573 0.6085433394820602 0.044957542419433595 0.12076071280020255
1 0.2849036852518717 0.5936423407660589 0.05389393170674642 0.12183295355902776
1 0.399489159148262 0.5268786014933886 0.04613496898287077 0.10091633704388066
1 0.8800493876139321 0.4931287977430555 0.029088973999023438 0.11157517609772859
1 0.5704377329091538 0.5427335385923032 0.03428655021865834 0.10072756166811345
1 0.5597476902955347 0.6133077835895213 0.03229029832293837 0.11906204948205514
0 0.5903310826387841 0.6519515421055341 0.016213617914286552 0.022066618578054427
1 0.12606164614359539 0.5960907048844837 0.03701076507568359 0.14170875633708063
1 0.1566523388808308 0.590650921176086 0.0340914046577719 0.12564686089878624
2 0.48712394511831464 0.7392019766348373 0.03520905120376843 0.1465010466399016
