1 0.31826871236165366 0.4632151850947627 0.033013470967610675 0.09235105161313656
1 0.23039107322692876 0.7213711208767362 0.030603822072347006 0.12416997838903358
1 0.4038964589436849 0.44392411973741325 0.03507382074991862 0.08938123914930556
1 0.7031995137532553 0.5496242947048611 0.034566434224446614 0.08483406349464699
1 0.8446258544921876 0.6996606332284433 0.035683759053548175 0.12430126048900463
1 0.5214681307474772 0.5087577537254051 0.033148002624511716 0.08978582311559606
1 0.24675356547037758 0.4166325039333767 0.028587071100870765 0.09340356897424769
1 0.8054300308227539 0.7365778040002894 0.03841756184895833 0.12712639702690973
1 0.5665908177693685 0.47559537534360535 0.03071085611979167 0.07393889250578704
1 0.4740880330403646 0.5344015050817419 0.02769810358683268 0.08567018862123843
1 0.4435479799906413 0.5290895815248843 0.022967656453450516 0.10553532353153935
1 0.6554365440078714 0.5736572292981517 0.025838908328241247 0.09792994199325228
1 0.6360816955566406 0.5608094920685099 0.02646859486897785 0.09875720717880836
2 0.28370728762644637 0.6102566189236113 0.02533404572204969 0.1125724509910301
0 0.6520415710900673 0.6024902222158119 0.008355361166450703 0.013482839215607327
