1 0.5436927795410156 0.5306108827944155 0.04806938171386719 0.11278844762731481
1 0.8426504770914712 0.6391997725875289 0.033050219217936196 0.12652192292390047
1 0.9000672022501628 0.39881037959346066 0.041328175862630205 0.09278493810583044
1 0.23068156242370605 0.40861997251157406 0.036974493662516275 0.10417308100947627
1 0.3518235206604004 0.8676669085467303 0.03674920399983724 0.1605354591652199
1 0.709578577677409 0.5567503752531828 0.04539025624593099 0.10885891384548611
1 0.7192242940266926 0.8071935583043981 0.03094654083251953 0.15614019323278355
1 0.43821805318196616 0.5793687608506944 0.034571202596028645 0.12517434579354744
1 0.6235725402832031 0.4465065285011574 0.031280136108398436 0.0958537914134838
1 0.305226198832194 0.8367470070167823 0.03052530288696289 0.14766399242259837
1 0.6462359110514322 0.6279473763925058 0.03043142954508464 0.11918074996383102
1 0.6677660624186197 0.7276065402560764 0.028454271952311195 0.13509917082609954
1 0.46881081263224283 0.37705468071831594 0.024273999532063804 0.09018037584092882
1 0.6308461507161458 0.5526005497685185 0.03113511403401693 0.12116772686993635
1 0.157806396484375 0.4468165079752604 0.030676762262980148 0.11453662448459202
1 0.4940419514973959 0.4181128607855903 0.023494942982991537 0.11398369118019387
1 0.4794283231099447 0.4200225830078125 0.02806917826334636 0.10342867815936053
2 0.15805686314900716 0.44653619836877895 0.03003800710042318 0.11454038266782407
