1 0.859756596883138 0.49119466145833335 0.035007667541503903 0.15079961706090855
1 0.9189784367879231 0.6100631148726852 0.04469871520996094 0.15880437780309606
1 0.5715949771297568 0.563097522876881 0.03126378308475719 0.15593600802951393
1 0.6574466069539388 0.4864911679868345 0.04834175109863281 0.1500701904296875
1 0.7465626398722331 0.5635996500651042 0.0453826904296875 0.14161043520326969
1 0.6904813130696615 0.539065890842014 0.029534848531087243 0.15769184253833912
1 0.5296991030375162 0.5138212415907119 0.03112328847249349 0.13501335426613137
1 0.8848678588867187 0.4927250614872685 0.032010650634765624 0.1450807359483507
1 0.4228548367818177 0.5461853005181707 0.03237234751383451 0.15961465219173732
1 0.48723676422838763 0.4646911395314834 0.037842007867587554 0.1390638167215335
1 0.5242849756689476 0.45838568347389563 0.026183400434579188 0.12061266625532979
0 0.22728095418005492 0.514113480414735 0.009335482165432521 0.017781870791298577
