1 0.6972257129113347 0.7427793171252968 0.029793176098972852 0.12470284630121307
1 0.2313505164544265 0.5895548502604155 0.026518234854448205 0.09500314218026616
1 0.5566820132470653 0.465133832913329 0.02391456131925565 0.08149871826171871
1 0.7303721179314949 0.6650272438250663 0.02970806921313546 0.09598682544849535
1 0.34931488851825176 0.5879891999583723 0.0286747606547761 0.09595404730902776
1 0.7374104703495848 0.35240880418389514 0.029755910237630193 0.07170395374615407
1 0.7760327657063804 0.543722082067419 0.02418053944905599 0.08116223370587385
1 0.6001961251599586 0.4151554814091434 0.015892167386418257 0.07088094640661169
1 0.30088430252757303 0.3632884552889692 0.015577732074287693 0.06810432716652194
2 0.7639764149983723 0.6290250990125869 0.03511829376220703 0.10044691297743055
1 0.4350410155717011 0.6395178828405463 0.021504971928701256 0.10610635581051478
1 0.4807054079554512 0.448639770968046 0.02054414261838799 0.07963751333731188
1 0.43262869517008457 0.6046655203725586 0.023531341552734366 0.08519401003765222
2 0.8923938732755056 0.23442954843262875 0.018086942036946614 0.05010270012749565
0 0.2391339983064651 0.5903665382566691 0.00728715420721226 0.013359782713222402
