1 0.41173731486002607 0.7124642831307871 0.03095022837320964 0.12880582456235531
1 0.08302240371704102 0.5353226273148148 0.03302310705184937 0.11286163330078125
1 0.5994983673095703 0.5083941989474827 0.02346515655517578 0.10296989723488137
1 0.26827659606933596 0.5348879213686343 0.025508340199788412 0.10515244095413773
1 0.18240598042805992 0.5774354157624422 0.02306187947591146 0.10986802842881944
1 0.9869620641072591 0.4307898062246817 0.025478363037109375 0.09951104058159724
1 0.5665807088216147 0.4195351212112992 0.04051615397135417 0.09030727810329861
1 0.14654073715209961 0.5106723926685475 0.0221397082010905 0.11319704408998843
1 0.16931761105855309 0.5124513979311343 0.02720508575439453 0.09108553285951966
1 0.05432770252227783 0.639420007776331 0.025761353969573974 0.1183780246310764
1 0.48013369242350257 0.3195699903700087 0.022657299041748048 0.08261645281756365
1 0.5120570818583171 0.49017136185257526 0.03470916748046875 0.10106630678530093
1 0.6647542317708333 0.5700658727575231 0.024749565124511718 0.10869118019386574
2 0.5232739766438802 0.5716160526982059 0.03751983642578125 0.11098016809534145
1 0.41871274312337237 0.35582241482204857 0.018492794036865233 0.08273866441514757
1 0.214735476175944 0.485934900354456 0.02197972933451335 0.10906143188476562
2 0.4040027618408203 0.2852247167516638 0.018284924825032554 0.0762317798755787
1 0.4249317169189453 0.31978287873444733 0.0217164675394694 0.08275214301215278
1 0.16307576497395837 0.5693355984157986 0.02486128807067871 0.1207216050889757
1 0.22555090586344403 0.48449170147931137 0.018929704030354818 0.11138181333188657
