1 0.32655096483433865 0.5348935114272882 0.033814651501456405 0.12898694385374077
1 0.2577523117146756 0.5312802791595446 0.03156442262368793 0.11987592697143552
1 0.3883504746021227 0.4526850301559541 0.029354308811380618 0.11297929763793928
1 0.576274149280519 0.42008556669312463 0.035027524665270864 0.0899331569671631
1 0.19642422184496847 0.5705069182121415 0.03816209822595656 0.12651491165161133
1 0.44433125571879273 0.4958519564968173 0.036307590112909016 0.1134263641121519
1 0.6386491362604244 0.5602485847473138 0.03378096905405332 0.12971836090087885
2 0.9064909749536367 0.5324901468093965 0.025526100470005454 0.12477382659912097
1 0.614358606475859 0.4880359363555907 0.03564275026321411 0.10394151687622069
1 0.7185409921144885 0.43813741207122786 0.029265974707491656 0.09861758232116696
1 0.6837881600551775 0.3913241477364383 0.03994899868122096 0.08675548812117456
1 0.6932744767180893 0.4009857697838634 0.022709465026855467 0.09680531501770019
2 0.7111140060424804 0.33928942680358887 0.022138595581054688 0.0734174919128418
0 0.6673540855269746 0.44722576701194855 0.007866814200967721 0.01472152365093391
