1 0.15494574904441832 0.4211737871170044 0.022158687114715577 0.0933052921295166
1 0.6210670962374346 0.49395366191863926 0.02490885067799348 0.09012923240661606
1 0.21585797309875487 0.7212470340728759 0.05619668960571289 0.12922273635864256
1 0.31882609724998473 0.5327865219116211 0.038854472637176514 0.10369873046875
1 0.02286882916196515 0.39322366237640344 0.024038440404249538 0.08799548149108884
1 0.047426717410830405 0.4928142404556273 0.025073280593450407 0.11322400093078605
1 0.537116791009903 0.5056187868118286 0.026300842761993407 0.09154038429260254
1 0.2548713798017647 0.4559168529510498 0.023188835245103383 0.09008665084838864
1 0.32633969604969026 0.3966053485870361 0.016819063425064087 0.07629388809204102
1 0.9743228378862195 0.3760423751282012 0.0305173644130921 0.08879650289458194
1 0.377995858653563 0.3681919651763168 0.020375414816888458 0.0691043119314105
1 0.30412254980719644 0.4306138467788696 0.018563588689098697 0.09187031745910644
1 0.1344904363155365 0.3307138681411743 0.017272956371307373 0.0700692081451416
1 0.25908497631549837 0.3303280448913574 0.016249481439590454 0.07244579315185547
1 0.22621402740478516 0.3687479162216187 0.018323326110839845 0.07535883903503418
1 0.39849277363068053 0.4096081166999062 0.032715304179070516 0.07537129402160643
1 0.45785719912567496 0.43714867385907696 0.019280625413190474 0.0839562838736461
2 0.28438823342323305 0.39250696659088136 0.02035182237625122 0.08511326789855957
1 0.4556450110617148 0.41009734177734947 0.028031536846366067 0.07676696777343749
0 0.32400543398118414 0.46832759553104425 0.007327009022888227 0.015082498105594411
