1 0.20626274744669593 0.31895260281032983 0.029479519526163737 0.09225992273401332
1 0.42969767252604163 0.6895186812789352 0.042755762736002595 0.10273996988932294
1 0.3407501856486002 0.4254009105541088 0.03258727391560872 0.10375154283311633
1 0.10897383689880372 0.38839569091796877 0.024830555915832518 0.09152230156792535
1 0.4026252746582032 0.40461007577401625 0.03424126307169596 0.07877426147460938
1 0.08560845057169596 0.20853302567093457 0.028631488482157394 0.07686048437047888
1 0.12541932264963784 0.43073600486472796 0.021343119939168296 0.09323606137876156
1 0.011741952101389569 0.24971191971390336 0.02315376202265422 0.0857160215024595
1 0.3784944534301758 0.40699428982204866 0.033562437693278 0.1042448255750868
1 0.3219158172607422 0.6821405481409144 0.04432106018066406 0.08940503155743634
1 0.5672183990478517 0.43883683946397567 0.02377363840738932 0.09264608312536168
1 0.5900157232704403 0.46331236897274636 0.04009433962264154 0.04332634521313764
