1 0.6294396718343098 0.6913986771195023 0.02446683247884114 0.09184417724609376
1 0.38289149602254235 0.6579688178168404 0.03477700551350912 0.09064602322048611
1 0.4883691151936849 0.7342574508101852 0.024329598744710287 0.094788897479022
2 0.01362693707148234 0.5658825344509548 0.02549524704615275 0.08622719093605324
1 0.5754135767618815 0.4936279296875 0.031570816040039064 0.07756062260380497
1 0.1277147610982259 0.46622602674696184 0.024082183837890625 0.0704204418041088
1 0.6948050181070963 0.5106452094184027 0.023841540018717453 0.06466318766276041
1 0.1789930025736491 0.49966939290364587 0.02192676862080892 0.07038658989800348
1 0.23753611246744794 0.46906105324074077 0.017995309829711915 0.06779547797309028
1 0.8144590377807617 0.5477206194842303 0.019154485066731772 0.08067152235243055
1 0.4972578684488933 0.5430097226743344 0.0200135866800944 0.072479248046875
2 0.8000877380371094 0.6302211620189526 0.021705309549967453 0.08271382649739584
1 0.7905979156494141 0.681542460123698 0.03007208506266276 0.03627477575231482
1 0.649663624111153 0.3852499566327635 0.013025788145392028 0.05299380476244919
