1 0.38302030563354494 0.6546136903762817 0.06669902801513672 0.1516091251373291
1 0.6906788703781396 0.3548728525625355 0.026625171897415596 0.08734889268610715
1 0.9235811231997672 0.43459699153900055 0.03143509596407805 0.11141871452331532
1 0.8012825202180477 0.4129251861572263 0.02295413955718855 0.11207733154296873
1 0.610822149515152 0.4216000187415514 0.031207211017608635 0.09840587854755571
1 0.8392806728157448 0.3999882960303649 0.02107416301430247 0.10932801723162902
1 0.3067327437548341 0.4254666185379024 0.02684506639510997 0.09722252845764158
1 0.773981819152832 0.5179886531829834 0.025420761108398436 0.13425580978393556
1 0.8720386712993686 0.3509070396423338 0.018030811393569098 0.09784664154052729
1 0.5627021824575951 0.4180300855626019 0.026778481154147066 0.11809597969266719
1 0.5394713471844765 0.3936116647720337 0.024110984802246094 0.09518025398254394
1 0.3401459365357414 0.4443422603628331 0.03301145359427555 0.10313467026179916
1 0.7359049093723291 0.42590854406726947 0.026259905692346094 0.12148522377014158
1 0.7536203289008186 0.513216242790222 0.02309942245007366 0.12867323875427245
1 0.6099874615669251 0.3664460301399231 0.02240053653717041 0.07684767246246338
1 0.4077218680086726 0.3701751553999076 0.034329005182384416 0.03877140760157342
