2 0.1250683307647705 0.41815461052788633 0.040080904960632324 0.10409189860026041
1 0.09809325933456421 0.644858890109592 0.041160231828689574 0.1421135796440972
1 0.08638848066329956 0.3516967349582248 0.032404369115829466 0.09701360066731772
1 0.9464820861816406 0.271598392062717 0.027511787414550782 0.09742234547932943
1 0.41105971336364744 0.4291256798638238 0.03209972381591797 0.09793201022677951
1 0.3474839210510254 0.7152688768174914 0.041115331649780276 0.14820416768391928
1 0.6340898513793944 0.5348621368408203 0.0410982608795166 0.1187361823187934
1 0.8496024131774902 0.4968370225694445 0.05500354766845703 0.1273985544840495
1 0.482525110244751 0.365460205078125 0.027851390838623046 0.10457725524902343
1 0.2067553997039795 0.5758592393663194 0.035891175270080566 0.12090793185763889
1 0.40382018089294436 0.5487006293402777 0.03940403461456299 0.13030064900716146
1 0.6693385124206543 0.6469204372829861 0.05178260803222656 0.1270670149061415
1 0.7924747467041016 0.5664317237006294 0.04844646453857422 0.11684917873806423
1 0.43653717041015627 0.6801689995659723 0.05384078025817871 0.15123939514160156
1 0.25501189231872556 0.49878675672743056 0.030286359786987304 0.11797154744466147
1 0.5619801998138427 0.42037408616807725 0.04327964782714844 0.11112891303168401
0 0.6157367108582205 0.02617787744992422 0.012506212000905563 0.020798861535556233
