1 0.19651937484741214 0.7190104731807003 0.030712922414143876 0.10452903464988425
1 0.0770094076792399 0.7337071736653645 0.04322878122329712 0.12569207085503473
1 0.07910765012105306 0.539351964879919 0.024820542335510253 0.09157319245515046
1 0.5780802408854167 0.6532685456452546 0.023676745096842446 0.09870272035951967
1 0.8786110560099283 0.6316350866247107 0.029104105631510415 0.10512045401114005
1 0.6960361480712891 0.555627045808015 0.02063096364339193 0.0864223904079861
1 0.5168396631876628 0.4791462085865162 0.02598063151041667 0.06534016927083333
1 0.5694170633951823 0.5421868218315972 0.023721694946289062 0.07698200367115161
1 0.8239543914794922 0.5935832836009838 0.020961316426595055 0.09324363425925926
1 0.7995380401611328 0.6182492291485822 0.024250094095865884 0.09322261103877315
1 0.3310595830281576 0.4644024601689091 0.02318118413289388 0.05809670907479745
1 0.311155891418457 0.4867081253616899 0.021634260813395187 0.061255730523003475
2 0.3997776985168457 0.5035429777922453 0.021958223978678384 0.08044481630678531
1 0.7435989379882812 0.6106912118417246 0.022382736206054688 0.08850510208695023
1 0.9115325927734375 0.5475247983579282 0.017609278361002605 0.08912280047381366
1 0.7163901175462756 0.5762121133303033 0.01542334951373878 0.08813725156565816
1 0.555147361755371 0.4998862937644676 0.017263031005859374 0.06506149857132523
1 0.5665871938069661 0.4946103696469908 0.017011642456054688 0.06152058354130498
1 0.7453934187289452 0.5488594854561676 0.014563275457140656 0.0599449343635858
0 0.16208353042602539 0.5487544872142651 0.00965574582417806 0.0149169921875
1 0.746725082397456 0.5678916372170985 0.018644777933756514 0.05457933337155944
1 0.3872132732977623 0.4428945284209112 0.010499118667876374 0.06176625909422765
1 0.719147468703948 0.5573384651189144 0.021273719909426014 0.08439234789968954
