1 0.38837451934814454 0.5883005777994792 0.024333953857421875 0.10569491916232639
1 0.17771056493123372 0.6607472737630209 0.027314233779907226 0.10743136935763889
1 0.42784843444824217 0.5395987051504629 0.025447050730387374 0.07996588812934027
2 0.288813304901123 0.714211470992477 0.027067820231119796 0.11077897813585069
1 0.45129852294921874 0.5886092574508102 0.026445611317952474 0.10051569055627892
1 0.6409263610839844 0.6211178249782986 0.023928133646647132 0.09557715521918403
1 0.6911084493001303 0.6877792923538774 0.029252370198567704 0.0979248046875
1 0.671459440935633 0.528084438653075 0.021277984329800503 0.09203748669923546
1 0.7113955815633137 0.6869529441550927 0.02426211039225261 0.10546366373697919
1 0.20448083877563478 0.6723500569661459 0.026468801498413085 0.10568593343098959
1 0.6137528737386068 0.5906889738859954 0.02653980255126953 0.09486315691912615
1 0.3278951009114583 0.5199435763888889 0.024827639261881515 0.10227384214048034
1 0.028340788682301835 0.4452879729094329 0.024699624379475912 0.09212745383933738
1 0.21706415812174482 0.6252087628399884 0.01892088254292806 0.10085285328052664
1 0.510995101928711 0.5550485681604457 0.04128986994425456 0.03971546314380787
1 0.654522577921549 0.5686834463532767 0.026171811421712207 0.10758708226451053
1 0.023147106170654297 0.4046543262622974 0.017934860785802205 0.07442624127423322
1 0.5800572713216144 0.5417855930900778 0.024323972066243486 0.09754820988827696
1 0.5865503464095354 0.5509160767535557 0.03591978529696241 0.06499749322427001
2 0.5131011327107747 0.21883316040039058 0.016658687591552736 0.041430536905924485
0 0.9322141597377793 0.6059631753697772 0.011989445997302322 0.016001455741404953
