1 0.3594138781229655 0.6910450122974536 0.037728309631347656 0.11276505081741899
1 0.2773012161254883 0.2811307553891782 0.030048274993896486 0.07827476218894676
1 0.7102265675862631 0.4561057196723091 0.04034271240234375 0.0976180182562934
1 0.5524580637613932 0.5827516908998842 0.03443921407063802 0.09927571614583335
1 0.4362313906351726 0.3729076526783131 0.026256752014160157 0.07871528908058449
1 0.6875658671061197 0.3197289360894097 0.02686010996500651 0.08898671468098956
1 0.17128731409708656 0.2905347188313802 0.024164883295694984 0.0874503806785301
1 0.4085491816202799 0.31722937689887154 0.03318713506062825 0.07855187875253183
2 0.22960551579793298 0.47316448070384837 0.027126105626424157 0.09856895164207176
1 0.2457642555236816 0.35832208704065394 0.027468840281168624 0.08423201949508102
1 0.566299565633138 0.3596430460611979 0.03209985097249349 0.08186990243417246
1 0.3782874425252279 0.31135463008174186 0.022293949127197267 0.07410608927408854
1 0.15922778447469074 0.2653212370695891 0.027940988540649414 0.07657425491898148
0 0.5353846232096354 0.366847511574074 0.00822747548421224 0.016752681025752315
