1 0.4122217496236166 0.642459558557581 0.03637472788492838 0.09965430365668401
2 0.30205790201822913 0.6571892632378471 0.02619657516479492 0.10139069733796297
1 0.48491249084472654 0.6997530336733218 0.030485788981119796 0.10680575900607639
1 0.5350105285644531 0.8106644241898147 0.03485256830851237 0.11507879186559605
1 0.5095580418904622 0.5392432318793403 0.02743838628133138 0.08670337818287037
1 0.24320700963338215 0.4870941162109375 0.02672238349914551 0.08640902483904803
1 0.2564000447591146 0.6008874963831018 0.02373396555582682 0.10179968939887153
1 0.7436932881673176 0.6310419718424479 0.025438753763834632 0.09563530815972224
1 0.696713956197103 0.6452391447844329 0.025862630208333334 0.10143195258246526
1 0.5820982615152994 0.5694012677228009 0.02567596435546875 0.09346952085141784
1 0.7227444966634115 0.6078572591145833 0.03287849426269531 0.09052502667462385
1 0.664640998840332 0.560015869140625 0.02755673726399739 0.08523373074001736
1 0.7555189768473306 0.5142691153067129 0.03274326324462891 0.08466480396412036
1 0.5452077229817708 0.5375778198242187 0.023235511779785157 0.08110091597945601
1 0.6935064951578777 0.5975787127459491 0.0319665273030599 0.08799664532696759
1 0.6016079673241717 0.58120687979239 0.026220287528276643 0.09031428584346052
1 0.6337893803914387 0.5789187961154514 0.04018719991048178 0.07752962465639468
1 0.5561567942301432 0.5596089680989583 0.021119308471679688 0.08364495171440972
1 0.3488012313842773 0.6013903582537616 0.0257728894551595 0.09895285147207755
1 0.6174620310465495 0.5564319751880786 0.02237701416015625 0.08606940375434027
0 0.588660250825989 0.45143256464011117 0.00978641658701509 0.016771488469601643
