1 0.19247245788574216 0.6358775386103878 0.03041140238444011 0.1009979248046875
1 0.5206754048665365 0.48816743073640045 0.03566675186157227 0.09691970260054977
1 0.37382739384969077 0.7361174406828703 0.03467718760172526 0.08972885696976274
1 0.49882802963256834 0.6023095024956597 0.03820177714029948 0.09775379322193287
1 0.8476835250854492 0.5590214482060185 0.030124664306640625 0.09983667444299767
1 0.7155016581217448 0.30665740966796873 0.022765096028645834 0.07954700611255787
1 0.909793217976888 0.1629145586932147 0.02389272054036458 0.07090076870388455
1 0.5843045552571615 0.29382553100585934 0.021407890319824218 0.07732476128472222
1 0.28001635869344077 0.4042041354709201 0.02532780965169271 0.08411124900535301
1 0.41098117828369135 0.25645794338650174 0.02329476674397786 0.08515071162471065
1 0.6997201283772787 0.21885340655291521 0.021251042683919266 0.07551131071867766
1 0.8304701487223308 0.1161510043674045 0.02041581471761068 0.0647240815339265
1 0.9700347900390625 0.25741492377387154 0.02330042521158854 0.07718130041051793
1 0.540109380086263 0.18247245506004048 0.0185092290242513 0.0725320886682581
1 0.4645493825276693 0.7194981892903647 0.03785683314005534 0.09146728515625
1 0.43540083567301435 0.7188587330005788 0.03887453079223633 0.09964356599030672
2 0.6031078338623047 0.45874306007667826 0.022301292419433592 0.09063099048755786
1 0.5961250305175781 0.012092548829537853 0.01937096913655599 0.024185097659075706
1 0.004295931756496429 0.24845106336805556 0.008567753434181213 0.09497710333930122
0 0.429511310374973 0.7232258116519042 0.010520828886662736 0.015586413165426187
