1 0.6464135060269689 0.7293799304962159 0.0365474714425559 0.1016829872131347
1 0.8788771907838929 0.5673745775222778 0.030470446020910577 0.10074090003967283
1 0.6788151466744806 0.3783889913558955 0.03195176841861697 0.08285471916198733
1 0.4956811201572418 0.5226224184036254 0.03208535432815552 0.08676362037658691
2 0.5919259512424468 0.4920720672607422 0.035441334247589114 0.08655120849609375
1 0.7785351572521708 0.4568208837509155 0.031920876608117356 0.08324107170104977
1 0.7979483664561429 0.5579505445728418 0.030654270754083626 0.09831178622052655
1 0.38973452711511947 0.35086079583636576 0.026006529816176696 0.06776699542999261
1 0.3414348068701939 0.5844308280944827 0.032452320967756666 0.1004421615600586
1 0.34669942214420096 0.40243683338165204 0.026166941212230524 0.07734612464904779
1 0.9702734680620092 0.47259273529052737 0.030340537370343798 0.08660507202148438
1 0.28976741633577874 0.7614471732532033 0.037459798724005074 0.11773811211006575
1 0.7508789378141805 0.3849103403091423 0.024798161328930493 0.07760670661926274
1 0.4699943040643796 0.28986921310424807 0.025578372478485108 0.05783485412597656
1 0.31036241418419963 0.4911378049850449 0.03411844956281395 0.08993140220642064
1 0.303531603855411 0.4603704856442562 0.022558126196146343 0.07790124837842377
2 0.42864081121179615 0.2674832380669667 0.02540563060230676 0.06617631179941377
0 0.66130908535824 0.41360239782745994 0.006417664216579054 0.012881333194567048
