1 0.26293792724609377 0.5535190158420139 0.03091848691304525 0.1031158447265625
1 0.6972594579060872 0.3309372230812355 0.02403996785481771 0.08204046178747108
1 0.9600664774576824 0.5397428159360532 0.02438182830810547 0.09987804271556713
1 0.07146094640096029 0.27905731201171874 0.022985883553822837 0.07583750972041377
1 0.2916971206665039 0.37576525652850123 0.02387828826904297 0.08432162249529802
1 0.8525091807047527 0.6519259982638889 0.02367464701334636 0.10997433132595485
2 0.6209939320882161 0.3260706018518519 0.021451505025227868 0.08271091602466725
1 0.501305357615153 0.46429779617874706 0.03604571024576823 0.08451860215928819
1 0.5556960423787435 0.34480754711009837 0.03404401143391927 0.06916941890010127
1 0.14317798614501953 0.39880523681640623 0.020961387952168783 0.08696257979781538
1 0.3612321217854817 0.4747588546187789 0.02375507354736328 0.089202230947989
1 0.6627578099568684 0.236046713369864 0.01912867228190104 0.06652491534197771
1 0.5008405049641927 0.24940196849681712 0.018407503763834637 0.06852504588939526
1 0.4993624051411947 0.17527940538194442 0.018415260314941406 0.06091434337474681
1 0.07663172086079914 0.6057260583948206 0.028136436144510904 0.11618098506221065
1 0.6235431671142578 0.18480329160337092 0.017914454142252605 0.04867775528519243
1 0.3431243896484375 0.24332936604817706 0.019453144073486327 0.0661167992485894
1 0.5239256540934245 0.36064006664134846 0.016980806986490887 0.08294386687102141
1 0.8567756017049153 0.4110828823513455 0.022834269205729164 0.08283504909939236
1 0.8423798878987632 0.3946517379195602 0.018169403076171875 0.08450071546766492
2 0.05433006286621093 0.17985271877712672 0.016185585657755533 0.036470441465024594
