1 0.4438567479451497 0.4935436107494213 0.03301814397176107 0.09766342728226274
1 0.626999926924273 0.8351879077011417 0.028508122583231484 0.15456863384277456
1 0.7329090146089808 0.659143066406249 0.022825000527113268 0.12328943323206003
1 0.5746967177096002 0.32008606566164516 0.021750898456382596 0.07731450398763016
1 0.039778740663966625 0.6017157615649777 0.040082827113107296 0.118681561505353
1 0.7477752685546875 0.3378622549551505 0.023546218872070312 0.08039186265733507
1 0.10199651139843682 0.3444550350389708 0.020166212852842626 0.09236992730034724
1 0.26760080044379 0.2850345434077591 0.01738968222916873 0.07524750320999717
1 0.6315657159192363 0.26232852555928693 0.01987506508589256 0.057967277809425635
1 0.6033681082963465 0.31739631573306293 0.02345386489898566 0.06666621455439815
1 0.3276679507653395 0.2730524133752893 0.01886383856128041 0.07352099948459201
1 0.8614162721884421 0.5065674859982182 0.02386951446533203 0.10593010231300637
1 0.41620762450014537 0.38047068162936154 0.018157216450885496 0.09061948988172737
1 0.8710443994078942 0.4532800560934328 0.02355270653617452 0.09919631392867456
1 0.13737624991868036 0.37780451340970367 0.019107835208107257 0.09149828310366022
1 0.6872810363769531 0.2986513491030092 0.02325185139973958 0.07211380004882813
1 0.5274168984571134 0.38202045581958916 0.017160013811792094 0.09623568499529805
1 0.49976691099459997 0.19601969197997243 0.01807586883118461 0.06513392130533853
2 0.007908476990037525 0.20410467852305142 0.01581695398007505 0.07023344286887993
2 0.5127319653828939 0.38545820448133683 0.018391927083333332 0.08953235767505786
0 0.42499140846090244 0.41792734195156706 0.0072871542072122965 0.01295494081282186
