1 0.1741768995920817 0.3989247074833623 0.03582280476888021 0.133945804172092
1 0.12823450672496897 0.33245925903320256 0.03893115306159767 0.14659395571108208
1 0.09087064159046068 0.3198794047037757 0.034647565923739625 0.12518044930917255
1 0.641466458638509 0.37177318996853304 0.03418668111165365 0.13790384928385416
1 0.5968176523844401 0.488280345775463 0.035681724548339844 0.15159482602719906
1 0.8521221160888672 0.3422409622757523 0.03689435323079427 0.15005210593894677
1 0.35585727691650393 0.35288916693793404 0.03711786270141602 0.13023181491427951
1 0.2734284193774923 0.34845357205134464 0.02930149406972151 0.10802269156543626
1 0.5551920572916667 0.4001979686595775 0.026237169901529953 0.1447152879503038
1 0.7124628702799478 0.32552976255063654 0.039356295267740884 0.11137144300672742
1 0.2929513683034023 0.3535207112630202 0.023870549576870646 0.11355949684425636
2 0.34628690083821617 0.4625167281539352 0.04754727681477864 0.17845574838143807
1 0.5347849527994792 0.34707650078667535 0.03251574834187825 0.06222686767578125
0 0.12323424834552238 0.3943291175252084 0.01053927261373681 0.01605984398283719
