2 0.4176551183064761 0.5123694170679671 0.02133393244182865 0.0905155743160585
1 0.6819143931070965 0.6319847389503761 0.027237129211425782 0.10302316171151621
1 0.21992527643839518 0.45566202799479166 0.02152064641316732 0.08505494859483508
1 0.6548378626505534 0.5026341191044561 0.02553304036458333 0.09131359524197048
1 0.40578575134277345 0.41024483574761283 0.021499792734781906 0.07395511203342015
1 0.3762775421142578 0.3861239115397136 0.016025543212890625 0.06872937237774884
1 0.6132798512776693 0.5160740039966725 0.024295806884765625 0.08951859650788484
1 0.11918437096991488 0.5049349539989608 0.02990263329979488 0.07322016163290304
1 0.5853252410888672 0.45659888938621246 0.01703058878580729 0.08487803141276042
1 0.5156239673814674 0.4394931934497974 0.015600396259923101 0.08216631854021988
1 0.8052128673942736 0.4366208837373384 0.016767287522917593 0.08209417454644752
1 0.7904168446858724 0.5505827162000868 0.028502464294433594 0.09202338324652778
1 0.5032034873962402 0.44101186681676796 0.018016815185546875 0.08211279975043403
1 0.27922948201497394 0.46157288727936924 0.017627398173014324 0.08315042566370082
1 0.6040595372517918 0.47726505539870073 0.017900975545247416 0.08943235847354457
1 0.3345122655232748 0.497097326208044 0.024063650767008463 0.08807972095630787
1 0.715761947631836 0.5636793348524306 0.02900803883870443 0.0907527217158565
1 0.587947027681495 0.529049343532986 0.021244638757356507 0.09476855242693866
0 0.13554427166636443 0.5333414708498605 0.007116178067907679 0.01145749424770031
