1 0.6324675559997558 0.5867407904730902 0.036152315139770505 0.1413987053765191
1 0.9536565780639649 0.5912512037489149 0.03535614013671875 0.11122962103949653
1 0.4703213691711426 0.8145378960503473 0.041973447799682616 0.16982633802625868
1 0.6812785148620606 0.32336902618408203 0.038274955749511716 0.08788863288031684
1 0.7952293868601634 0.4643514421251085 0.0323146274263175 0.135042741563585
1 0.7144020080566407 0.5357652028401693 0.03461923599243164 0.1397976345486111
1 0.7361684101496121 0.3432340833875866 0.02820625825591291 0.1172127405802408
1 0.6577175721301103 0.39935590955946165 0.0257328536936217 0.13373650444878465
1 0.8121150970458985 0.6037901984320747 0.03444485664367676 0.10852343241373698
2 0.7241933822631836 0.039664816856384275 0.028182554244995116 0.07932963371276855
2 0.8949312435175696 0.7517428927951367 0.0735064956716098 0.17459246317545568
1 0.4176957399103109 0.5030591721580685 0.07975108890022672 0.0421556161931348
