1 0.4315809567769368 0.6767208523220486 0.03751386006673177 0.09498613145616319
1 0.31694612503051756 0.696280472366898 0.029639371236165366 0.1104975947627315
1 0.520952828725179 0.5225744741934317 0.039899381001790364 0.08283431441695602
1 0.5950233459472656 0.7030697857892071 0.024898656209309897 0.09282339590567129
1 0.2450105826059977 0.7516109890407986 0.02979618708292643 0.1099199648256655
1 0.7818875630696615 0.7527292887369792 0.028171284993489584 0.10538369637948496
2 0.5860605875651042 0.8181403266059029 0.028811327616373696 0.11319156222873264
1 0.660250981648763 0.5059182626229745 0.02280680338541667 0.08842541729962385
1 0.7631222407023113 0.48787265353732634 0.02140477498372396 0.08730361373336226
1 0.16245171229044575 0.5030504897864866 0.02780052529980177 0.07714170525052205
1 0.41335755927747436 0.5821317319516782 0.027434413763164845 0.09095747205946178
1 0.7149077097574869 0.5471544618959779 0.024716631571451823 0.0916115089699074
1 0.9121065775553386 0.9344575670030382 0.03270765940348307 0.1310848659939236
1 0.40257438023885067 0.6376648555915497 0.027048110961914062 0.09709511384945209
1 0.38361389334589857 0.5978333084671583 0.025864972758478003 0.087083265516493
1 0.1558206558227539 0.9258476539894386 0.05385261376698811 0.14830469202112267
2 0.7812515894571941 0.27670200489185476 0.023682912190755204 0.0617164894386574
0 0.5928478166185662 0.7208214587328476 0.00745277134828541 0.013249371285840396
1 0.36775282592969555 0.5983387096088317 0.0006210642790237842 0.0003680380912733483
