1 0.504035727183024 0.897370684588397 0.029441642761230468 0.054028207284432875
1 0.720430819193522 0.7664627640335646 0.012513987223307292 0.05288995813440393
1 0.49346892038981116 0.7266370985243056 0.014875634511311847 0.04691732901114005
1 0.5166280428568522 0.6955899839048033 0.011100133260091148 0.04517223216869213
1 0.4532801310221354 0.6008566397207754 0.01181497573852539 0.03664522524233218
1 0.6418392181396484 0.6392944335937499 0.010154342651367188 0.038512335883246526
1 0.40013647079467773 0.621454761646412 0.011113548278808593 0.036817536530671297
1 0.4946735699971516 0.631405583134404 0.010892868041992188 0.036904229058159724
1 0.28088744481404626 0.657032154224537 0.01077397664388021 0.04488497133608218
1 0.25175021489461263 0.7736325864438658 0.015392827987670898 0.05788319905598958
2 0.8946687698364257 0.9025418882016782 0.023145675659179688 0.07028237802010995
1 0.7641845703125 0.6721131501374421 0.010515403747558594 0.04790604202835648
1 0.6521641413370769 0.5740088568793403 0.009274164835611979 0.034238462094907406
1 0.35203622182210287 0.5620299162688078 0.009443060557047526 0.03419477674696181
1 0.3012773195902506 0.6174179642288773 0.010467211405436196 0.043174008969907404
2 0.4606877326965332 0.7087948269314235 0.013402112325032552 0.0462545324254919
1 0.39684880574544273 0.6689966837565104 0.01215070088704427 0.04178670247395833
1 0.4982571601867676 0.5619945949978298 0.007550239562988281 0.02484684696903935
2 0.33497975667317703 0.5251218442563658 0.007928784688313801 0.029132645218460648
1 0.5343096415201822 0.5923897072120948 0.009765179951985677 0.03483282018590857
1 0.5088274002075195 0.5976377133969907 0.009679158528645834 0.030881358959056714
1 0.5907562255859375 0.5279914008246527 0.008687655131022135 0.0280782628942419
1 0.5044376881293534 0.5295077681890459 0.006212763381094959 0.026823359359648434
0 0.5758844670119462 0.6482405794721953 0.0035501505034829252 0.007100301006965708
