1 0.37887585957845055 0.6672333893952547 0.02277650833129883 0.09879387749565974
1 0.14524529774983724 0.4246422944245515 0.02074403762817383 0.08558581316912615
1 0.7631510416666667 0.7907482005931713 0.026502354939778646 0.10842273853443286
1 0.7287208557128906 0.5352220323350694 0.037111663818359376 0.08379703097873265
1 0.48534723917643235 0.4612787317346643 0.021107260386149088 0.08095522280092593
1 0.2830307642618815 0.5458952162000869 0.019542185465494792 0.08360019259982639
1 0.47426274617513026 0.3458359612358941 0.01776123046875 0.07085164388020833
1 0.7447308858235678 0.35870621292679394 0.024039395650227866 0.07950755931712963
1 0.23473208745320637 0.3623294406467014 0.021648613611857093 0.07642166702835648
1 0.19694277445475258 0.23197459468135126 0.015243148803710938 0.06005999247233073
1 0.4219690958658855 0.5626273261176216 0.022867933909098307 0.08949358904803241
2 0.031931440035502114 0.45862274169921874 0.02325122356414795 0.08811444882993345
1 0.4001349131266276 0.46334618462456606 0.01842044194539388 0.08822809855143228
0 0.7151771495384688 0.5649333716138775 0.004782194948482853 0.014979150314825359
