1 0.11071295738220216 0.3582534224898727 0.03434437910715739 0.10066533971715856
1 0.47177925109863283 0.5534500687210648 0.02903292973836263 0.11209745053891783
1 0.31393880844116206 0.48144604718243644 0.03642622629801432 0.08467486346209491
1 0.436637814839681 0.415041012234158 0.038367144266764325 0.09239744963469329
1 0.7336548487345378 0.5283379448784722 0.03422355651855469 0.1113788746021412
1 0.6774539947509766 0.402049085828993 0.027400970458984375 0.10315837153682002
1 0.5256289164225261 0.3144564875849971 0.024948501586914064 0.08552602132161459
1 0.2053917566935221 0.4450675964355469 0.03613511721293131 0.09343595151548033
1 0.2340536117553711 0.3437239470305266 0.025078757603963216 0.09481825651945891
1 0.4339218775431315 0.3194886666757089 0.0215055783589681 0.0825124669958044
1 0.7713602701822917 0.4619910063566985 0.02834606170654297 0.1074949476453993
1 0.25597929174795114 0.4305612805337853 0.058087714213245475 0.0855379516473607
1 0.7514996846516927 0.4690953572591146 0.023923492431640624 0.11073577315719038
1 0.5125304222106933 0.28262131302445026 0.020930608113606766 0.08282264426902489
0 0.26770496368408203 0.4801928484881366 0.012851810455322266 0.02116018224645544
1 0.2688458760579427 0.3370263276276765 0.024517154693603514 0.0972698070384838
2 0.26884708404541013 0.33779432508680557 0.024164199829101562 0.09900843302408853
