1 0.8017473856608072 0.6136682581018519 0.03229967753092448 0.09615128128616898
1 0.02943126233923605 0.5098818308557242 0.02727412037624471 0.08552025689019092
1 0.4941076107075628 0.6734240496600115 0.019481614481227934 0.10737259476273138
1 0.7853486378987631 0.501153055826823 0.021390469868977868 0.0839973732277199
1 0.33623524077859523 0.6011210123697918 0.02414420670555739 0.08800608317057292
1 0.693009312947591 0.5314066569010416 0.030917930603027343 0.08496845386646414
1 0.34316139221191405 0.4513290687843605 0.02159872055053711 0.0748247499819155
1 0.5966046651204426 0.593278729474103 0.02078075408935547 0.08618785716869214
1 0.24197325101730965 0.5002986201533566 0.026687304178873703 0.08562119095413773
1 0.9349288940429688 0.5166421395760995 0.02140089670817057 0.09085252549913195
1 0.8376820882161458 0.39355708934642647 0.023079744974772134 0.06208942554615162
1 0.3212831215871079 0.41169117115161996 0.014958002431062649 0.0692154778374566
1 0.7262910207112632 0.41778558801721644 0.02514184315999349 0.06737546567563657
1 0.641943359375 0.436729657208478 0.022201220194498703 0.07352628354673033
1 0.5167611440022787 0.46474174216941555 0.02138582865397136 0.07042326750578703
1 0.7993467966715495 0.3654078165690104 0.017676925659179686 0.06373923972800925
1 0.4162205696105957 0.405063713921441 0.019112269083658855 0.06212124294704861
1 0.992767333984375 0.43935060854311336 0.01446533203125 0.07507767853913484
2 0.5297335306803386 0.4782304096771288 0.0192784309387207 0.07861721522328712
2 0.6538904825846354 0.9294885706018519 0.043773333231608064 0.14102280228226274
