1 0.2743854522705078 0.5398825186270255 0.026412789026896158 0.10604841444227431
1 0.5148558934529622 0.6088450679072627 0.03362147013346354 0.11194322374131944
1 0.3844849904378255 0.7026553683810763 0.04536380767822266 0.10295726634837964
1 0.2306475003560384 0.4481022870099103 0.025966946283976236 0.09900880036530671
1 0.5469797770182292 0.4948235970956308 0.03122860590616862 0.09371928462275753
1 0.5557815068223767 0.594972115975838 0.03476375077988797 0.10342848036024294
1 0.4758481979370118 0.345984536630136 0.028439203898111984 0.07540859646267362
1 0.10971245765686036 0.44482585765697336 0.022198780377705892 0.09736068160445602
1 0.3682195663452149 0.5426619918258102 0.034986082712809244 0.09213002522786456
2 0.16716076532999677 0.43907654373734084 0.026955922444661454 0.10011308458116319
1 0.42536414464314776 0.35817489624023435 0.024083264668782554 0.06896695737485532
1 0.6177900950113931 0.5592240510163484 0.03237565358479818 0.0997367576316551
1 0.5815769195556636 0.6311997889479577 0.031308046976725235 0.10636613300541412
1 0.41379477183024094 0.4185588130244502 0.020120302836100265 0.09184906570999711
1 0.7495263417561848 0.5546015986689815 0.02941137949625651 0.10493412724247685
1 0.2817548116048177 0.32437198780201093 0.017671521504720053 0.08327388057002315
1 0.5862902323404947 0.5688143129701967 0.034665425618489586 0.10049071135344328
1 0.45626840591430673 0.31777609365957754 0.01852118174235026 0.07290474220558449
1 0.36590143839518224 0.6541909111870661 0.02985372543334961 0.1096870704933449
0 0.44634015979409114 0.27720415099189544 0.006613092443044977 0.013226184886090273
