1 0.3332197825113933 0.7661642569082755 0.03563283284505208 0.12327988236038773
1 0.08902138868967693 0.4790568033854166 0.03526465098063151 0.09862179226345485
1 0.694544957983776 0.6280762849030672 0.030732804354596115 0.10033241554542824
1 0.6411156722985549 0.41983686162622724 0.027337769539946405 0.09229767838600023
1 0.559338124593099 0.3086735478153935 0.02772356669108073 0.07612341421621817
1 0.655083352145124 0.49862636990017356 0.022865241456390975 0.09595195628978587
1 0.7170320307352211 0.5100790518301506 0.027204218534243697 0.10321615713614009
1 0.1810464859008789 0.29853600396050345 0.025633700688680015 0.07542863068757234
1 0.5279131889343261 0.35793397691514756 0.024357032775878907 0.08439398871527778
1 0.30895608266194663 0.3870037502712674 0.04163837432861328 0.08840820877640336
2 0.3582743667590232 0.4437551145200375 0.0266551068254701 0.0951293380172164
1 0.41264727910359694 0.4980407714843749 0.01861127217610677 0.08938256722909432
1 0.3944679784028252 0.5327148396831771 0.03157072572195444 0.09939887691374812
0 0.4553878153418961 0.7024011585265587 0.009798609174504326 0.018004694621446958
