1 0.2887333552042643 0.5363427056206597 0.032804075876871744 0.0868459630895544
1 0.3777570088704427 0.5464584915726274 0.022123845418294274 0.08691248010706017
1 0.5693450927734375 0.5362649423104745 0.021791013081868493 0.08307336877893519
1 0.15121432940165203 0.4345401622630932 0.018848323822021486 0.07455868191189235
1 0.20724258422851563 0.38952193083586517 0.017773771286010744 0.07476450602213541
1 0.2665431976318359 0.539501953125 0.025913127263387046 0.08228369818793403
1 0.5542233149210611 0.5091248688874421 0.022079086303710936 0.08403619836877892
1 0.5249136606852214 0.45441586529767064 0.016992950439453126 0.07412646258318865
1 0.46606381734212243 0.39324685555917244 0.02209749221801758 0.05621165522822627
1 0.5357497533162434 0.4506525110315394 0.01645978291829427 0.0753337718822338
1 0.49226229985555015 0.41587281403718174 0.018732070922851562 0.06499981350368923
0 0.5715998967488607 0.3254456131546586 0.00751050313313802 0.011462176287615741
2 0.8541666666666667 0.2522711390635919 0.057389937106918296 0.09643605870020963
1 0.5044376881293532 0.5078124040010943 0.02130090302089662 0.07810331107662301
1 0.48646505120547107 0.5121514768386849 0.012869295575125415 0.08520361208358848
1 0.4644984949651708 0.5109680933375237 0.024851053524379517 0.07810331107662304
1 0.44896658651243315 0.44509307843956364 0.021300903020898085 0.07100301006965719
1 0.46139211327462365 0.4774388941379638 0.027513666401992296 0.07258085473787218
1 0.4718206803786043 0.47467766596858846 0.014644370826866933 0.07968115574483775
1 0.48713070442487405 0.45337676294769014 0.013313064388061225 0.04496857304411622
1 0.4835805539213915 0.3973632772260723 0.010650451510448562 0.04181288370768719
1 0.4800304034179085 0.4324703210938474 0.01686321489154352 0.06311378672858453
