1 0.8689699808756511 0.7959827564380787 0.04137223561604817 0.13126475016276043
1 0.17986373901367186 0.3864691840277778 0.03006974856058757 0.0931878549081308
1 0.6302076975504557 0.7331660517939815 0.03755397796630859 0.11506257233796297
1 0.10323470433553059 0.33207945647063075 0.032045539220174155 0.09114795260959202
1 0.2266344388326009 0.36685321949146416 0.02730337778727214 0.09386641890914352
1 0.7662797292073569 0.6402773256655092 0.033333142598470054 0.10041097005208334
1 0.31997445424397786 0.4228381121600116 0.036360645294189455 0.07965333726671008
1 0.5091226895650227 0.5865797254774305 0.027152061462402344 0.0925628662109375
1 0.6661078135172525 0.6130734478985822 0.03886839548746745 0.0940570972583912
1 0.846028200785319 0.5985107421875 0.043660736083984374 0.09672608552155673
1 0.09191373189290365 0.48559717248987266 0.037002062797546385 0.0874526129828559
1 0.40125983556111655 0.30920737937644677 0.03342577616373698 0.07746483131691262
1 0.011711293458938598 0.8537818060980902 0.02228853702545166 0.1452874077690972
1 0.9883641560872395 0.6537881921838831 0.02278029123942057 0.10136334454571759
0 0.6752431233723958 0.5512493557400173 0.012510363260904949 0.020157877604166666
