1 0.2401847203572591 0.47695657235604744 0.037185351053873696 0.1219002052589699
1 0.24364058176676434 0.274531329119647 0.03575833638509115 0.09829288058810765
1 0.5238476753234863 0.508272467719184 0.040610186258951825 0.10707908912941262
1 0.09332200686136881 0.45381108036747686 0.03793373902638753 0.12508872703269677
1 0.7522790273030598 0.5416002061631945 0.04327392578125 0.12089182535807291
1 0.1995343367258708 0.4324539467140481 0.035226662953694664 0.11010363543475116
1 0.589053471883138 0.430281886348018 0.037694485982259114 0.08791464346426504
1 0.340846316019694 0.3653464705855758 0.0287107785542806 0.11151072184244791
1 0.04129746754964193 0.3616198221842448 0.027588276068369545 0.11436309814453124
1 0.5508689880371095 0.45037660951967595 0.03683830897013347 0.11318096584743924
1 0.6400402069091797 0.42000051427770546 0.05101032257080078 0.07761145697699653
1 0.314829699198405 0.2882571467646846 0.022521241505940755 0.09332326253255209
1 0.31267252388240374 0.3588736458811037 0.029623834741940403 0.10416672264754893
1 0.29802665710449217 0.4091570818865741 0.05678669611612955 0.054039086235894096
0 0.7220911949685536 0.41299790356394134 0.011792452830188722 0.018169112508735166
