1 0.09316182136535645 0.49418244538483797 0.0417999823888143 0.12720308657045717
1 0.5904758453369141 0.5786924008969908 0.039081382751464847 0.14361849184389466
1 0.5509242413678112 0.3892439100477428 0.03305099635337436 0.10370983547634495
1 0.4928864161173503 0.34829655400028936 0.027912775675455734 0.10310033162434896
1 0.6649119059244792 0.34734169288917827 0.03783289591471354 0.06471128110532408
1 0.3520469819186633 0.7683038841085333 0.03668369080344674 0.1942925229432405
1 0.5833611891213989 0.3762383236854853 0.025525873014122333 0.10166259097448582
1 0.28938877378433414 0.294656615883694 0.019480071492993717 0.08806568447644761
1 0.22413278888908178 0.27762314197918336 0.04098156946406475 0.08092964584624945
1 0.31008239200652715 0.3531657466181997 0.0352159418475418 0.09326522262008098
0 0.6012694961615014 0.41598725495515043 0.008875917039788008 0.01894132826063362
