1 0.02102397382259369 0.5952426062689887 0.03395622968673706 0.1140684339735243
1 0.5181026458740234 0.4248098585340712 0.02933840751647949 0.0841119130452474
1 0.8117229461669921 0.6201916164822049 0.028899145126342774 0.11321627298990884
1 0.6388678550720216 0.5108395046657986 0.02702441215515137 0.09559499952528211
2 0.4800565719604492 0.5623480902777778 0.026703071594238282 0.11031634012858073
1 0.5883771896362305 0.4204892052544488 0.026206302642822265 0.0800048828125
1 0.6214824676513672 0.4115539974636501 0.026221179962158205 0.08669340345594617
1 0.21500697135925292 0.47603636847602 0.026182079315185548 0.10432001749674479
1 0.7195598125457764 0.4150118086073134 0.028203296661376952 0.08452877468532986
1 0.24226875305175782 0.6504307217068143 0.03284778594970703 0.11353162129720053
1 0.47440357208251954 0.943249003092448 0.03488306999206543 0.11350190904405383
1 0.531461524963379 0.29713223775227865 0.02282099723815918 0.07402019500732422
1 0.5010985374450684 0.3442162619696723 0.025835037231445312 0.07948824564615885
1 0.5737845420837403 0.3301917605929905 0.024594831466674804 0.07835873497856988
2 0.5404303073883057 0.2451372358534071 0.017139434814453125 0.06715418497721354
1 0.6000394979306045 0.27370590668173506 0.012775292219519016 0.07303347883228302
