1 0.3171397844950358 0.5427031340422453 0.051957130432128906 0.15104146886754918
1 0.22636101980629203 0.7349134315901249 0.031279167739100514 0.16636918852330912
1 0.0148724893728892 0.6758266307689526 0.029724244276682535 0.15787025734230323
1 0.0673182725906372 0.6189098216869212 0.031580738226572674 0.138947833025897
1 0.15829040419380613 0.6871272078433459 0.042694898221477734 0.1717549023471624
1 0.19752124150594075 0.7269228334780092 0.0329859733581543 0.16939555980541088
1 0.6763575236002609 0.552554671036289 0.0662655512491862 0.09211576236535601
1 0.011755457520484925 0.4896195023148148 0.02319614291191101 0.1443731802481192
1 0.02843111753463745 0.5066427160192418 0.028159546852111816 0.13661812676323784
1 0.011813276012738546 0.5155925044307003 0.02320182919502258 0.1261872750741464
1 0.014916972319285073 0.6060534441912615 0.029307536284128823 0.13808186848958334
0 0.6619496855345912 0.480083857442348 0.011006289308176065 0.02375960866526903
1 0.21933962264150947 0.6918238993710691 0.03616352201257861 0.10901467505241094
1 0.1544811320754717 0.6268343815513626 0.029088050314465406 0.09923130677847652
