1 0.6961519241333007 0.3098141705548322 0.03416023254394531 0.09651373404043692
1 0.8621854146321614 0.43003489176432297 0.04085884094238281 0.11903276796694157
1 0.5960678100585937 0.4255293669524016 0.03850110371907552 0.1079525417751736
1 0.8210959752400716 0.5514107033058449 0.038177108764648436 0.13062851517288773
1 0.6112489064534505 0.2247374358000579 0.026920318603515625 0.07496751855920862
1 0.6447252909342448 0.34332541006582756 0.02380479176839193 0.09381292837637442
1 0.32309087117513025 0.4266733240198206 0.036807854970296226 0.09845357824254919
1 0.36418272654215494 0.4435705114293982 0.03912162780761719 0.09183584142614293
1 0.5347399393717448 0.2688462999131944 0.027510833740234376 0.07934429027416089
1 0.530474026997884 0.3751239635326244 0.03564430872599284 0.0898855138708044
1 0.8540913899739583 0.2859946922019676 0.02706190745035807 0.09369978728117764
1 0.351362959543864 0.35290080882884844 0.03879133860270182 0.08331081249095776
1 0.5002156257629394 0.3900983457212095 0.02873484293619792 0.10629179212782118
1 0.18887933095296222 0.6604005601671007 0.06204970677693686 0.1407146312572338
2 0.7328906377156575 0.16139164677372686 0.02099189758300781 0.0713618243182147
1 0.3799408276875813 0.34551934136284723 0.02926158905029297 0.09833252518265337
1 0.39625345865885414 0.33167131212022577 0.030376911163330078 0.09024451926902488
0 0.4833586695149239 0.43049801525857917 0.013756833200996112 0.018145213684467976
