1 0.5111676124856674 0.7015179633970768 0.023423346586766224 0.1033474547132836
1 0.014770069318219295 0.6868107943867185 0.0205871664533481 0.10766698195572583
2 0.24688137372334798 0.4698913291648583 0.022215843200683594 0.09037390814887153
1 0.6123977567286091 0.42872166682444657 0.015556401846735606 0.07856799422052445
1 0.07643562357325273 0.37874967647196967 0.01520030808897458 0.08724269160517911
1 0.367596975962321 0.2816743073640046 0.020115534464518234 0.06898569177698206
1 0.49214318593343104 0.489751293041088 0.022692775726318358 0.076740801775897
1 0.9522583322882864 0.38011574434116724 0.019232494497382086 0.08222274780273431
1 0.12181735238133791 0.28953490360264467 0.014562806224524074 0.06904842235423884
1 0.7428501678134635 0.44692265801415915 0.012678967019411796 0.08646884494357637
1 0.5012089840108367 0.38134425602601846 0.015955949123509578 0.0740269679818933
1 0.6941305605641994 0.2540371478426846 0.015133947180054695 0.06278172828671957
1 0.2249027804575297 0.32003056137156355 0.014248773993343854 0.07264087818287016
1 0.7591350515544656 0.3442478577739614 0.012655406219057592 0.07132158632631651
1 0.2787224769592285 0.41248985573097513 0.018035252888997395 0.08050565366391782
1 0.16014691033841896 0.218928575859084 0.011882184279862505 0.05952566641348358
1 0.49362957599498186 0.31501120108145253 0.010871103158151575 0.0588596767849391
1 0.5030432531751814 0.1997721335654141 0.011954579354444566 0.048546143845501114
1 0.5065529298319636 0.27132163299152434 0.014714513674127586 0.06185399066124162
2 0.18162289777836038 0.17049289564058906 0.012899139661088393 0.05306480686335077
0 0.5044705202524189 0.41779252884739526 0.00677072293425518 0.009311518333063224
