1 0.9109897613525391 0.7504005714699075 0.03508294423421224 0.08684539794921875
1 0.6327116012573242 0.6322166160300926 0.03007087707519531 0.0730680677625868
1 0.1263564904530843 0.5978584572120949 0.023724579811096193 0.0774770666051794
1 0.11248000462849936 0.49489915635850695 0.021601247787475585 0.07044400815610533
1 0.9829861958821614 0.6260849564163773 0.03028405507405599 0.07727333351417824
1 0.6190355936686198 0.5247919153284143 0.017905998229980468 0.06903884322554976
1 0.852158228556315 0.42246218080873843 0.02234694163004557 0.05460744787145543
1 0.6750668843587239 0.4106059039080584 0.01951319376627604 0.05112202962239584
1 0.8174128214518228 0.560519352665654 0.02511641184488932 0.07163775408709491
1 0.25697585741678874 0.48928109628182864 0.01823711395263672 0.0578309800889757
1 0.9686730702718098 0.492678380895544 0.02911421457926432 0.0674051355432581
1 0.2915899276733398 0.45222077546296297 0.01900644302368164 0.05738491482204862
1 0.6455275217692056 0.38508750067816844 0.01855297088623047 0.05242128725405092
1 0.6565878550211589 0.5874553539134838 0.023816235860188804 0.07348762794777199
1 0.47827339172363287 0.4804335982711227 0.024281183878580734 0.06000547055844908
2 0.5646331787109375 0.44585867987738714 0.022496732076009118 0.061945201732494216
1 0.9357130050659181 0.9738321940104165 0.03273938496907552 0.052335498951099534
2 0.1694793383280436 0.2872509426540798 0.01977237065633138 0.04821881894712095
1 0.4506032271954997 0.40299959535951957 0.013104431584196436 0.06066479153103297
1 0.45990566037735847 0.406009783368274 0.023584905660377374 0.04612159329140461
