1 0.30515804290771487 0.3801936396846065 0.024829610188802084 0.0761684841579861
1 0.4400899887084961 0.3528106124312789 0.027130285898844406 0.0822061609338831
1 0.40191713968912757 0.34102689954969617 0.022749805450439455 0.08740714744285301
1 0.3823688507080078 0.2631786770290799 0.019463411966959634 0.07393326935944734
1 0.2833431243896484 0.3259124473289207 0.020449097951253256 0.07110770896629051
1 0.04394264221191406 0.19444280553747106 0.02032870054244995 0.0650348945900246
1 0.6615583419799804 0.3757256967050058 0.027309417724609375 0.08013732345015914
1 0.5207550048828125 0.2087829448558666 0.019530709584554037 0.07523874353479457
1 0.5523388544718424 0.32917429606119797 0.01975084940592448 0.08302835535120082
1 0.5155854225158691 0.281585693359375 0.02121671040852864 0.07479092633282697
1 0.2185524304707845 0.22040487218786167 0.018806664148966472 0.07240380181206597
1 0.5220773379007975 0.3234900580512153 0.019393285115559895 0.0710738288031684
1 0.5438374773186317 0.3830580965705989 0.04071972319489008 0.05857009887695295
1 0.5355174382527653 0.37232115736116883 0.022173531850178972 0.07700106354684716
2 0.2345406214396159 0.2630539788140191 0.020503314336140954 0.07582567003038194
0 0.5217468906778973 0.1810052717088142 0.009128324482080358 0.014318940364047562
2 0.7767295597484276 0.9629629629629624 0.03459119496855356 0.0726764500349405
