1 0.04031115372975668 0.6935640688295718 0.046423248449961346 0.11147387469256366
1 0.5793884913126628 0.4978399206090856 0.030445734659830734 0.09335078486689814
1 0.7077398935953777 0.43858778211805555 0.02659543355305989 0.07813573766637731
1 0.431498368581136 0.31412825407805267 0.030139923095703125 0.06203912805627893
1 0.6028169631958007 0.3234990437825521 0.02971585591634114 0.0703974688494647
1 0.04895337025324504 0.29409326623987264 0.027711319923400878 0.07230250040690105
1 0.776071039835612 0.32251643428096066 0.021300315856933594 0.0747951931423611
1 0.14709803263346352 0.3968690377694589 0.020252784093221024 0.07382863362630208
1 0.5015743891398112 0.2796012595847801 0.017999553680419923 0.06335412484628183
1 0.21652418772379559 0.26373039528175635 0.018277597427368165 0.07200451603642216
1 0.1332432508468628 0.4162938435872396 0.021930233637491862 0.0765897962782118
1 0.3901093165079753 0.35843989054361974 0.026308504740397132 0.07768735532407407
1 0.7458361148816836 0.2651216121762121 0.029251075049461495 0.055371401832221195
1 0.7315662963416595 0.2708624900193728 0.023152034511496895 0.05251743265415639
0 0.7563721384078377 0.3019784964832397 0.007327009022888121 0.010969089531341432
