1 0.6496359507242837 0.04909937470047562 0.02641760508219401 0.09819874940095125
1 0.22147095998128255 0.25168081212926796 0.030150190989176432 0.12340319598162615
1 0.9224301020304363 0.08894983927408856 0.024850209554036454 0.09719806247287327
1 0.4060067494710286 0.35936310379593467 0.03513129552205404 0.12877649377893519
2 0.6234622319539388 0.23589672512478294 0.02929344177246094 0.10518069797092014
1 0.3100727717081706 0.13014760900426794 0.027520084381103517 0.10823419358995226
1 0.5544666290283203 0.19500192712854456 0.02665246327718099 0.1087475953278718
1 0.208822504679362 0.17150980631510415 0.022627814610799154 0.10168468334056711
1 0.637350082397461 0.7769041838469328 0.05828138987223307 0.15769771999782986
1 0.17694605191548668 0.5093598542390047 0.03886966705322266 0.11961740564416956
1 0.5306857426961262 0.25773225007233797 0.0288942019144694 0.11196744000470198
1 0.19676243464152018 0.4560446562590423 0.042153247197469074 0.14180303502965858
1 0.3693450927734375 0.4524153532805266 0.04222561518351237 0.14702216254340278
1 0.2890117327372233 0.02749988061410409 0.018508338928222658 0.05499976122820818
0 0.16533586229028732 0.5570785624476244 0.011856681690453836 0.017398164314740044
1 0.15526729559748428 0.07127882599580712 0.01965408805031446 0.10342417889587699
1 0.12725941429696255 0.036636519085846746 0.01674991540397441 0.07260387800574196
