1 0.5575614293416341 0.5544763070565683 0.03171119689941406 0.08920491536458335
1 0.21103235880533855 0.5849465829354745 0.02662515640258789 0.08358103434244792
1 0.7827938715616862 0.5788759584780093 0.0323401133219401 0.10204795554832176
1 0.5739546457926433 0.44297835738570607 0.026447741190592445 0.07308609573929398
1 0.95000368754069 0.49477188675491895 0.027565828959147134 0.08216914424189815
1 0.2895472844441732 0.5470018174913194 0.028180344899495443 0.08983001708984376
1 0.8753347396850585 0.5078095612702547 0.030172983805338546 0.09628442834924769
1 0.6680026372273763 0.5309197319878473 0.03003273010253906 0.09061646638093171
1 0.3782157897949219 0.4841655024775752 0.02331120173136393 0.08178210788302952
1 0.6662798563639324 0.3520252651638455 0.025516510009765625 0.0562644675925926
1 0.5408798217773437 0.6761848167136862 0.03079179128011068 0.11718071831597224
1 0.5046769142150879 0.48097935429325817 0.02755228678385417 0.07800612273039641
1 0.556075922648112 0.46284436826352715 0.027094078063964844 0.06738637288411459
1 0.16853221257527673 0.39601567586263015 0.02016587257385254 0.06411760118272569
1 0.4881587982177734 0.44194313331886576 0.016279029846191406 0.060089111328125
1 0.49723243713378906 0.42854789451316555 0.01747121810913086 0.061905105025679974
2 0.7226263682047527 0.30707832618995945 0.016806729634602866 0.05098631117078993
2 0.6927266438802084 0.5765868010344329 0.027195294698079422 0.09819307680483219
0 0.5625420247115142 0.4709975954352484 0.005132762636560031 0.009954448749692304
