1 0.7972803751627605 0.5070761786566841 0.025850741068522132 0.07794130113389756
1 0.6640027364095051 0.27153975875289355 0.020683097839355468 0.06405405115198207
1 0.6475287119547525 0.49594302707248267 0.0218658447265625 0.08328518337673611
1 0.8554091135660807 0.48783817997685186 0.02269700368245443 0.07778458771882234
1 0.6447785059611003 0.7147706208405673 0.023108037312825524 0.09248369004991319
1 0.3076631546020508 0.26665745487919557 0.01951316197713216 0.05867411295572917
1 0.03883337179819743 0.4642478942871094 0.022188782691955566 0.07832975034360533
1 0.3566263834635417 0.3094147858796297 0.02025581995646159 0.0642766034161603
1 0.5248088200887044 0.6238336633752894 0.021464665730794266 0.08562695538556135
1 0.763100496927897 0.3813466955114294 0.01731897989908854 0.07771696867766203
1 0.6165623982747396 0.5220369692201967 0.019342041015625 0.08021856237340856
1 0.06112395387822065 0.44706864533600976 0.01976338350641083 0.08200937906901044
1 0.023885969320933027 0.5631812201605902 0.025548052787780762 0.08843445954499421
1 0.605376942952474 0.6307801423249422 0.023466555277506507 0.08737046983506945
1 0.7878251888648862 0.5600079615613935 0.026750719885789448 0.029116010507759325
1 0.8823028250771374 0.4970054209599787 0.02309168887587211 0.07927030631528337
2 0.47053378423055015 0.4658124570493345 0.019547335306803384 0.078674966317636
1 0.7978952407836915 0.981060791015625 0.02216580708821615 0.03787853099681713
1 0.09049108028411865 0.9767838089554398 0.019115527470906574 0.04643238208912037
0 0.7939140331702792 0.581102401520656 0.007419690340028775 0.01319056060449476
