1 0.37408618927001946 0.8452172738534434 0.03085320790608724 0.119498132776331
1 0.46040455500284827 0.8294649477358219 0.029259045918782547 0.11293690999348958
1 0.2854249636332194 0.44451336330837676 0.02476247151692708 0.07281906693070023
1 0.47006146113077807 0.4889626962167245 0.021612167358398438 0.07372176558883102
1 0.7780007680257163 0.5949064466688369 0.023760032653808594 0.08008637604890048
1 0.7027202606201172 0.5013312445746527 0.02809441884358724 0.08387479428891781
2 0.4697214126586914 0.6269608109085649 0.02829678853352864 0.10464471887659144
1 0.5839763005574544 0.45492853235315395 0.027037556966145834 0.06519648234049479
1 0.6083272298177084 0.5192643342194734 0.020105806986490882 0.06782463921440972
1 0.4418348948160807 0.5307820638020834 0.021341260274251303 0.08499710648148148
1 0.6816515604654948 0.47907974808304404 0.021222305297851563 0.061019162778501154
1 0.6454269409179687 0.49749055085358795 0.01837158203125 0.07837111861617477
1 0.6308087666829427 0.5011705186631945 0.020876121520996094 0.07303574173538774
1 0.4538650830586752 0.5556770607277198 0.017904917399088543 0.07952581334997107
1 0.7714379628499348 0.5287284568504051 0.019067955017089844 0.07035415084273727
1 0.8121069182389937 0.525506638714186 0.02515723270440249 0.08106219426974143
0 0.624695368923985 0.522841344829388 0.007335021701410866 0.014225496633039257
