1 0.385971901226857 0.7402102708816527 0.032198960126537876 0.1003653049468994
1 0.1459233061297363 0.44894182920455883 0.034686347678576555 0.07728169918060304
1 0.19893638452629606 0.9442054653114837 0.03489287270930342 0.11158906937703168
1 0.4855680535748574 0.6422755289077747 0.023597433207536135 0.09771931648254373
1 0.020712616443634032 0.7031978416442871 0.04106827259063721 0.10852519989013672
2 0.851024977991898 0.5112189340591419 0.0234818150928289 0.0888831806182859
1 0.8697427511637597 0.3844741010665874 0.025011243228832386 0.07742835044860817
1 0.03513739629117123 0.629922046661377 0.0342127379482482 0.0989902114868164
1 0.2426952846494565 0.5557339525222754 0.029437235266515607 0.09817437171936028
1 0.6016948448136422 0.4442565679550171 0.02190368443430022 0.08280367851257324
1 0.9265107318047145 0.4366335630416859 0.02176930779859669 0.07778563499450676
1 0.40226144790649415 0.4374856090545654 0.03045940399169922 0.0821699333190918
1 0.8003930851950082 0.38034395753276473 0.0243072372408961 0.07709677579140312
