1 0.8908008575439453 0.6470688431351274 0.0385290781656901 0.09878946940104166
1 0.6268239339192708 0.4410144947193287 0.03337732950846354 0.07822240193684896
1 0.39761981964111326 0.5612846657081887 0.03159650166829427 0.0860256618923611
1 0.7417509714762369 0.6654790807653357 0.048458290100097653 0.052681873462818295
1 0.8777217229207356 0.8770150643807869 0.047396214803059895 0.112396240234375
1 0.6634844462076823 0.6333730061848959 0.032909584045410153 0.10590616861979169
1 0.42497682571411133 0.5160996048538773 0.03647327423095703 0.07539684154369213
1 0.5410537083943685 0.44640672471788195 0.023487377166748046 0.07336753562644675
1 0.9292871475219726 0.36927072030526614 0.03432807922363281 0.07313373706958912
1 0.9612974166870117 0.5378696017795138 0.02818044026692708 0.08371892858434608
1 0.4726191202799479 0.5894281457971643 0.028482659657796224 0.09196754738136574
1 0.9273947397867838 0.6591670283564816 0.03227450052897136 0.09906797055844907
1 0.1994508425394694 0.4064906932689526 0.03280618985493978 0.07358070656105324
2 0.8716239929199219 0.49526909722222223 0.04127292633056641 0.08183853714554398
2 0.8043190002441406 0.16543135466399014 0.017307472229003907 0.05346457869918257
0 0.38965466581955804 0.5828901979264165 0.009128324482080358 0.014318940364047706
