1 0.39170681635538734 0.4480938381618923 0.041123390197753906 0.08707266913519965
2 0.5724284214043766 0.038182799021402994 0.029033097081214466 0.07636559804280599
1 0.7259597778320318 0.6641308435937227 0.04193668365478517 0.17962948034727672
1 0.9503396352132161 0.34742717036494497 0.03479086558024089 0.13168035436559605
1 0.6081797281901041 0.4916162561487269 0.02904516855875651 0.13100704616970485
1 0.7009307861328127 0.3495657397682727 0.034394582112630204 0.140112571796281
1 0.5158673286437989 0.43092894377531826 0.027049700419108078 0.08295364379882812
1 0.6272220611572262 0.373305703942214 0.034961128234863255 0.1423685533695497
1 0.6394078572591146 0.44143993236400464 0.03763281504313151 0.11759945904767072
1 0.964069112141927 0.8637357923719619 0.0466580073038737 0.1797244601779514
1 0.5461737314860026 0.41213130244502316 0.028151512145996094 0.12516072591145833
1 0.9912897745768228 0.6233252066153068 0.01686560312906901 0.14202440049913195
1 0.7343217849731445 0.25095353303132234 0.031196975708007814 0.11405068856698496
0 0.06500901912777896 0.4473592188631258 0.011272316664281466 0.020485000160274536
