1 0.1618049144744873 0.6363389756944443 0.030958811442057296 0.10353580050998264
1 0.5323298772176106 0.8347716154875578 0.037166500091552736 0.11806007667824074
1 0.6622338612874349 0.4252006530761719 0.02587299346923828 0.09009862829137731
1 0.17233797709147133 0.26145398175274887 0.024830182393391922 0.07169520060221354
1 0.9538923899332681 0.4280463324652778 0.026653734842936195 0.08412029125072339
1 0.05062147776285807 0.47146414297598377 0.028878223896026612 0.08637828120478877
1 0.21113061904907227 0.5380732783564814 0.023792378107706704 0.0974149915907118
1 0.5128569920857747 0.4022222448278356 0.021990235646565756 0.08442933824327258
1 0.7221803029378254 0.6400341457790799 0.02809950510660807 0.11237747757523148
1 0.2917528788248698 0.3252423886899595 0.024257087707519533 0.0713817455150463
1 0.7137858072916667 0.28760183828848385 0.02852884928385417 0.06614215992115162
2 0.7605703989664714 0.40099758572048616 0.02203845977783203 0.08725503992151332
1 0.5865016937255859 0.25281846788194445 0.02309640248616536 0.064465656986943
1 0.95482972462972 0.30424954449688946 0.02678515116373698 0.06977222583912036
1 0.696530024210612 0.6149926079644097 0.031201871236165368 0.10369064896195024
1 0.8289906183878579 0.24666550247757524 0.02066802978515625 0.06417756257233796
2 0.2779981295267741 0.19885765358253762 0.016547203063964844 0.06544504518862124
