1 0.5946783769130707 0.7266525459289551 0.03905874967575073 0.14496448516845703
1 0.3458804827512335 0.4921991009552369 0.027778211027894815 0.11070401191711426
1 0.2679619350958725 0.5137289930189229 0.02854832541094552 0.12492009722319146
1 0.5225865113735199 0.7281380462646484 0.03083273649215698 0.14234619140625
1 0.4714438483327119 0.41234846542667236 0.03345047751120186 0.09541863441467288
1 0.8771497227426263 0.4972148036956788 0.04257967438779668 0.13283315658569336
1 0.5964540593430151 0.5119388494811293 0.025834880623580272 0.1277989768981935
1 0.7235038007138119 0.5245802016098385 0.031519693607398154 0.12122297286987303
1 0.4074660106869084 0.38916373877552596 0.03212499618530273 0.10115168177214146
1 0.6112015256493776 0.3574256462890987 0.02318812630864578 0.10762766838073728
1 0.35692492943860826 0.37848768661807886 0.01996926199541785 0.09585785865783691
2 0.6902407777446851 0.545678749910264 0.036930882903269735 0.12148533328283388
1 0.7535989254296848 0.3193320174057373 0.025735448515619687 0.10500276565551755
1 0.5123524924625845 0.39656819589978165 0.023243619147812544 0.11811811447143544
1 0.7131065460552664 0.3754659581983668 0.0203486237687732 0.1057199287414551
1 0.3227315022226063 0.3739563045821426 0.03573773234415101 0.04890984535217282
1 0.7415910692821233 0.3955024129784913 0.03705126845632343 0.1117101243487772
2 0.8912698745727539 0.14246917724609376 0.024956130981445314 0.07183204650878906
