1 0.6431108283996582 0.5272975587844848 0.023550987243652344 0.08840569496154785
1 0.38176189265413785 0.7126612047744447 0.024422711291647484 0.11889693347467485
1 0.7982878686472802 0.45518994808196966 0.028792839345341402 0.08320567131042483
1 0.39215310089364513 0.4817147898668718 0.017904834295222487 0.07924414634704584
1 0.9806253779672103 0.38657869577407816 0.021150658278169362 0.07188992023468013
1 0.47735952198386405 0.511694948671661 0.02309352516890006 0.0775492143599251
1 0.7100496182601133 0.3365078043937679 0.011966287635280438 0.06822026729583737
1 0.5365200423432916 0.354987404346466 0.021061477508849114 0.07151590824127194
1 0.46641488596826725 0.40878288030518606 0.020344614382988756 0.07428537845611571
1 0.5514802835872789 0.42686504840850803 0.020664043126705264 0.08064126014709476
1 0.6360645598161241 0.40698006153106675 0.02276571631193605 0.07607506752014163
1 0.3098749230816928 0.3850600492935745 0.018377467096446852 0.07343477487828504
1 0.6796803531068525 0.3441337668908936 0.014647931750424652 0.0696724104907728
1 0.6501298817998153 0.3565001201693097 0.02651315510153971 0.06057210920971952
1 0.6592585378207133 0.3040161478448042 0.02599304959683714 0.047674276816602176
2 0.7700328439474105 0.4309619855912469 0.01938362002372741 0.08251906395593131
2 0.7637060651189073 0.24239595651679471 0.01919879585921089 0.05224699974060061
1 0.6445235088294266 0.3209686876936304 0.014574308414424522 0.062345652661704956
0 0.6109342824055581 0.34890277882127746 0.007059430638237376 0.010525889410417709
