1 0.7104624443739473 0.4208057787400909 0.041950874252471654 0.13585051536560047
1 0.20649752616882325 0.3656183338165283 0.03002786636352539 0.13367673873901367
1 0.6959348906100143 0.6283075208640666 0.04413415518206679 0.1519237899780273
1 0.6293686446610554 0.26375078200130414 0.0363340605318886 0.11592381477355936
1 0.26335706233978273 0.20439478874206543 0.02678828239440918 0.1024915885925293
1 0.43470277786254885 0.3749683809280395 0.038496208190917966 0.1342622470855713
1 0.08984668979806555 0.26529907472973774 0.023931451037781586 0.11923308833349312
1 0.3586996841430664 0.34416022777557376 0.031041717529296874 0.12298857688903808
1 0.4513444137573242 0.28294546604156495 0.026020050048828125 0.11241963386535644
0 0.6264664829366182 0.32264991661582904 0.010771324812536858 0.016922391436748504
