1 0.9438865025838217 0.5964381465205439 0.025491078694661454 0.11089166711877892
1 0.9839197794596355 0.8911365085177952 0.032160377502441405 0.1472835964626736
1 0.05736878712972005 0.6226746735749422 0.027470207214355467 0.12263505723741319
1 0.5697940826416015 0.6340434886791089 0.03330167134602865 0.10800447817201969
1 0.3521756490071615 0.421345548276548 0.025355847676595055 0.09304866084346065
1 0.1745997746785482 0.41932460643627023 0.02480414708455404 0.07979572437427662
1 0.09966936111450193 0.6244106716579861 0.028264411290486655 0.12805938720703125
1 0.7299458821614583 0.5083945945457176 0.028426551818847658 0.10025436966507523
1 0.8074927012125651 0.7095022696035879 0.03780307769775391 0.1267619945384838
1 0.3719781557718913 0.4813520643446181 0.03317419687906901 0.09401409007884838
1 0.1558855374654134 0.9638597276475694 0.04016070365905762 0.07228054470486112
1 0.7370961507161458 0.5885391800491898 0.023820241292317704 0.10290114791304977
1 0.5935723622639973 0.5806338840060765 0.02875347137451172 0.11011126482928241
1 0.6167071024576823 0.4448186238606771 0.030027198791503906 0.07907440750687211
2 0.39742940266927085 0.6189035486291956 0.02686265309651693 0.10991357873987269
1 0.5924633026123046 0.5153578016493056 0.025532849629720054 0.0893117834020544
1 0.7032063486870648 0.5427476086817653 0.027806409735782845 0.10098764306036107
1 0.47648323256429537 0.44670624909577433 0.04847689130314981 0.077683710168909
1 0.4426974483642474 0.46297327653597514 0.047349935434953895 0.027458570164761137
0 0.5166203918000969 0.47061146310868174 0.018337554253527275 0.01564804629634324
1 0.7067808294091745 0.5384196637261692 0.022371816189303076 0.1030163047842597
