1 0.45589310328165694 0.3082909195511429 0.050841204325358075 0.1091249254014757
1 0.10325544675191244 0.5146027176468461 0.03351328372955322 0.14442113240559895
1 0.24834594726562503 0.6374645091869213 0.04887560208638509 0.1477214671947338
1 0.6108527501424154 0.36675316139503766 0.030741119384765626 0.12653497766565394
1 0.7899342330245815 0.30231362802010997 0.04166926756442227 0.1298875314218024
1 0.7520763397216796 0.35498532895688656 0.039604568481445314 0.14207760846173323
1 0.5337176005045573 0.8184735333478009 0.046665000915527347 0.18357922589337383
1 0.11644216378529867 0.3561229564525463 0.037499856948852536 0.13583365546332465
1 0.012303771575291951 0.481234289098669 0.024607543150583902 0.13541268242730034
1 0.33671344121297203 0.32180427268699363 0.055417315165201826 0.10238364890769676
1 0.905301602681478 0.29256314878110534 0.027864837646484376 0.12352885493525752
1 0.666345469156901 0.33467740659360534 0.029059092203776046 0.1437403643572772
1 0.5250345865885417 0.7190269752785011 0.04280344645182291 0.13913981119791666
1 0.7679732658281161 0.30501211660879635 0.03294544573907527 0.11903423733181422
2 0.5946259664813436 0.41274223263000853 0.04319257590775318 0.1336124574378268
1 0.3368962605794271 0.2598131815592448 0.0335471789042155 0.07076725429958768
1 0.7499139149983723 0.26781260172526045 0.029084078470865884 0.11126415111400463
0 0.31374584988870113 0.33291247346580816 0.009937028464380404 0.015825637924753905
