1 0.517767772935916 0.593882309253413 0.03367742051529129 0.10155723366378448
1 0.09755020776759415 0.578720993256299 0.030044875728946204 0.10957103214906519
1 0.18978536089886414 0.5061385290381594 0.028552646947707646 0.10447229385375972
1 0.6478927230834961 0.7212436008453369 0.043288040161132815 0.12261171340942383
1 0.1393064974559816 0.44919062980908925 0.03162397572163631 0.10630863189697268
1 0.5301833724975594 0.3033508217885077 0.02192916870117191 0.08897211324254234
1 0.4651919416235025 0.37758335825112366 0.025460809111615804 0.09672343254089404
1 0.6357613492012024 0.597867841720581 0.028690972328186036 0.1202901268005371
1 0.3309922981262207 0.4724512767791748 0.02174205780029297 0.09326589584350586
1 0.4345904804834976 0.6520278636492192 0.03302679300308231 0.10466073681760317
1 0.41809207916259766 0.5635674333572388 0.025331497192382812 0.10325249671936035
1 0.23934004333179998 0.2864884985377257 0.02114032485243618 0.0843073463439941
1 0.4419719158044216 0.47717643260956083 0.019426995369140658 0.11397162437439032
2 0.3473587167263031 0.4502621269226074 0.021947734355926514 0.09910091400146484
1 0.6258437885412822 0.2209147437902718 0.015469482678666107 0.08644831657409688
1 0.6766740798950195 0.42796470642089846 0.024346542358398438 0.10128326416015625
1 0.3199043583963686 0.17133990140979183 0.015769331747224734 0.07050381660461423
1 0.9723216629028321 0.36143476486206055 0.024017715454101564 0.10609283447265624
1 0.21448029254259612 0.4059282875061028 0.02169961401585628 0.09970973968505853
1 0.1986522732986483 0.38602065563201904 0.022217178344726564 0.09707884788513184
2 0.9070347213745117 0.12354029893875122 0.015700912475585936 0.07064249515533447
2 0.3572982394789034 0.11582519531249998 0.018188931960736992 0.06697031021118163
0 0.5139082502370453 0.6433529754052646 0.012344509803222721 0.01662560242858284
