1 0.4600822491721953 0.5190949583053589 0.04993991945651215 0.137077169418335
1 0.17799170923994448 0.6611877236354635 0.044980149040678284 0.15121340751647946
1 0.5770572280883784 0.5922249362486172 0.030401916199337842 0.14883693695068345
1 0.7157662696914513 0.5559021680349232 0.025072532334011025 0.1332091431582829
1 0.6813892021712192 0.35771601200103753 0.027326728714201796 0.12913529396057127
1 0.6495259480400232 0.7704757101541613 0.03520945800088155 0.1637149429321288
1 0.2909204711304923 0.5848921697133921 0.03440925567687679 0.13483163833618153
1 0.5163025053004305 0.17046367251843922 0.030924132428005274 0.10228226589516627
1 0.7898575133972777 0.37272727859223825 0.02989096063244545 0.12451644015952082
1 0.8313392790834339 0.5874710301134636 0.03181845056225218 0.1488707206266691
1 0.8377323074416958 0.28175972151698114 0.04188299577298025 0.11053829193115233
1 0.9593757132646326 0.18728764987166371 0.02882704914877229 0.09234250115999204
1 0.7582766913225543 0.2686842501192569 0.03391265110769655 0.10546376228332513
1 0.8581262016296387 0.2257572078704834 0.02938671112060547 0.11220037460327148
2 0.8273685684356387 0.5236274306768323 0.028083038330078122 0.1374978542327881
0 0.18546198921273369 0.7082465734548178 0.009518845183170917 0.02360228279335985
1 0.8174632101901154 0.2814015157673591 0.0015029755552374978 0.0017813043617629632
