1 0.6398820241292318 0.6302128544560186 0.03048051198323568 0.09986131456163194
1 0.2724756240844727 0.3287447894061053 0.02115036646525065 0.08031161272967303
2 0.9495436350504558 0.7623261628327547 0.033407402038574216 0.1069270381221065
1 0.3733982721964519 0.6153618706597223 0.03086430231730143 0.09598665590639467
1 0.4595544555760952 0.31642282645304415 0.020084288230770617 0.08180980718487914
1 0.7253226598103839 0.5204415090067656 0.029982376098632798 0.09836128763244636
2 0.2088653564453125 0.4372048837167246 0.02617306709289551 0.09962836371527778
1 0.2546950340270996 0.7005827727141204 0.0312441349029541 0.11119096544053819
1 0.603118280120655 0.639720266836661 0.025718854688270093 0.1002215473021339
1 0.9293958663940429 0.3333553172923901 0.022434234619140625 0.0951339156539352
1 0.5233667385186094 0.37769612968215943 0.021002425837435897 0.08937482591524556
1 0.707977563604837 0.542003829390914 0.040969580221315895 0.10069048846209451
0 0.5149092635460021 0.384931874255724 0.009730762590689892 0.018067983872096037
