1 0.7622736936819536 0.4919743585575969 0.03746847420633304 0.09443206787109372
1 0.0516127267473947 0.5781887376311086 0.044138830302955886 0.11470861195936197
1 0.41442668870299704 0.35595677614212 0.03600273043333695 0.07928720951080324
1 0.45284387424796435 0.4278612947442834 0.045241165161132815 0.09095343589782715
1 0.2777523042270517 0.3607150411626982 0.03601212948382226 0.08785597800785382
1 0.6931136537335831 0.46358677387343306 0.019792023737746522 0.09823232650756827
1 0.34098089933395387 0.45764970779418945 0.049633536338806156 0.09880336761474609
1 0.6654510235786444 0.3876154398976327 0.03709914058030467 0.0773096036815819
1 0.32367639541625975 0.3349327611923218 0.0367095947265625 0.0874097728729248
1 0.29982605934143064 0.4194453191757202 0.028879833221435548 0.0910395336151123
1 0.31479797900080037 0.3856078290939321 0.019829701178086943 0.09018927574157704
0 0.6867504101208304 0.42985719334518663 0.005693089224384665 0.009716205609616398
