1 0.2374034563700358 0.4708157292118779 0.0354186216990153 0.09848276774088544
1 0.42656027475992836 0.5764212714301216 0.04326086044311524 0.10995166919849537
1 0.14200496673583987 0.42578359533239296 0.028093759218851724 0.08371423791956019
1 0.030531366666158036 0.3852265817147715 0.030551832914352418 0.0945411964699074
1 0.768540318806966 0.37283325195312494 0.027215512593587243 0.09151373969184026
1 0.6706547419230143 0.518214586046007 0.031012725830078126 0.10437528822157117
1 0.11864205996195475 0.515043357566551 0.03164125283559163 0.10922953287760416
1 0.664602025349935 0.44757068775318287 0.033550198872884116 0.10187409012405961
1 0.15019184748331707 0.5577039365415221 0.04912587801615397 0.11757631655092593
1 0.540203603108724 0.4449700814706308 0.03009255727132161 0.09330577143916377
2 0.1407432238260905 0.5137252807617188 0.029392266273498537 0.10656322903103298
0 0.5953430175781249 0.4390797367802372 0.009124310811360677 0.015293460422092014
