1 0.406350691318512 0.3627618741989136 0.0242911958694458 0.07972174644470215
1 0.7023809623718261 0.6378667831420899 0.03395290374755859 0.12827369689941406
1 0.29057316064834593 0.4082001638412476 0.03668285846710205 0.09297106742858886
1 0.22664880752563477 0.44598591804504395 0.0348785400390625 0.10253465652465821
1 0.24188958547215225 0.6251818020349584 0.02765911454830667 0.13526305198669428
1 0.6660960257053375 0.45122006416320803 0.02579739809036255 0.09713106155395508
1 0.8596440384535494 0.37684988260216246 0.018876200464670468 0.09176861286057562
1 0.09862951159477235 0.5177228355407715 0.0360741400718689 0.11760822296142578
1 0.05015969276428223 0.4982593107223511 0.029674649238586426 0.11800627708435059
1 0.34749160391223194 0.49031668186187743 0.02600803375244141 0.10246678352355959
1 0.5840135383605957 0.3951030397415161 0.026952171325683595 0.0821907901763916
2 0.40274060249328614 0.5327840757369995 0.022977542877197266 0.10328131675720215
1 0.46244929331410134 0.35786986827850337 0.02112583601736493 0.08053767204284662
1 0.3895690976811976 0.5775675880938052 0.02560891374618443 0.12367323160753245
1 0.581108875122374 0.5290296196932271 0.032534023825518246 0.11044904708862298
1 0.353001035705536 0.438620993138523 0.017365062591795925 0.09636171340942379
2 0.4324769973754883 0.29523356676101686 0.01910400390625 0.07067667484283448
1 0.43522233951591366 0.43905542850494383 0.034925498733977094 0.07587582588195801
1 0.5790573641687569 0.4992828714929537 0.02442131042480468 0.11275550128668879
1 0.4428093796461638 0.4120576716594551 0.027509094375337117 0.08263630889508253
0 0.6382660725500046 0.4841384196866859 0.007287154207212083 0.013764624613623157
