2 0.6278996467590332 0.5587226443820529 0.02829289436340332 0.1307746039496528
1 0.5163108825683593 0.2595433553059896 0.03351635932922363 0.109217898050944
1 0.3948160171508789 0.8087479485405816 0.03820631504058838 0.1497957017686632
1 0.28538663387298585 0.6224762810601129 0.04391489028930664 0.10358628167046441
1 0.6494640350341797 0.2791904873318143 0.027884149551391603 0.09954543643527561
1 0.7837125778198242 0.2014344533284505 0.022306013107299804 0.10089563793606228
1 0.5545135498046875 0.5556761423746744 0.037535572052001955 0.13320693969726563
1 0.2812733971670917 0.5226021108258735 0.03823340662406842 0.11980004233208259
1 0.7365048408508301 0.7152325948079427 0.033034658432006835 0.1488615247938368
1 0.250508189201355 0.6924488067626953 0.03462510108947754 0.12273652818467883
1 0.9881481170654297 0.45827229817708337 0.023703861236572265 0.11902563307020399
1 0.027969175577163698 0.27917844984266493 0.03173385858535767 0.1174571779039171
1 0.5845882415771484 0.7546213785807291 0.060024452209472653 0.126648924085829
1 0.47991766929626467 0.6135900285508897 0.04444208145141602 0.1165347629123264
1 0.4065011190564734 0.3899583604600686 0.03025304333541707 0.1124281565348306
1 0.26829940549446163 0.48776113722059333 0.022891512077787706 0.106199476453993
1 0.41996126174926757 0.36427124871148003 0.03242578506469727 0.11651299794514974
1 0.6129349708557128 0.4305018530951606 0.03068056106567383 0.11463343302408853
2 0.7304255962371826 0.019050481584337024 0.02238292694091797 0.03810096316867405
0 0.38666056855186154 0.8510629268744642 0.006668201546737362 0.02548734813419534
