1 0.18157054583231605 0.7076097276475695 0.041881243387858064 0.11103860360604745
1 0.7426785786946614 0.5705802634910301 0.048621177673339844 0.0999481201171875
1 0.4379373550415039 0.6544477674696181 0.039705721537272136 0.09577868426287615
1 0.5406621297200521 0.4019977145724826 0.032004960378011066 0.08795462714301214
1 0.09853596687316894 0.35892486572265625 0.03289204438527425 0.09395975183557581
2 0.6355888366699218 0.5068326596860532 0.025647862752278646 0.09395475034360533
1 0.3620218912760416 0.5460752133969907 0.04166730244954428 0.08288336859809028
1 0.8010778427124022 0.27148426197193287 0.027411142985026046 0.07336599561903212
1 0.6259803771972656 0.41713884141710067 0.03065427144368489 0.08307187115704572
1 0.6335732142130535 0.6295974166304976 0.04388682047526041 0.10991583930121526
1 0.671250025431315 0.445976992006655 0.030945650736490884 0.09380614669234663
1 0.5901453018188476 0.5619849310980903 0.026695632934570314 0.09112266257957176
1 0.6261995951334636 0.34645648532443574 0.03017756144205729 0.07463525842737269
1 0.8285540262858073 0.35814610234013317 0.021309026082356772 0.07912558096426504
1 0.43765169779459634 0.4600984361436632 0.02521060307820638 0.08793490374529803
1 0.4302499453226725 0.5076686717845775 0.02685845692952474 0.08426900793004918
1 0.6735565821329753 0.38156396371346935 0.0223297119140625 0.07394663492838542
1 0.7709415435791016 0.4843510380497685 0.026140403747558594 0.09807725129304108
0 0.6077498118082683 0.6696824250397859 0.01575635274251302 0.02328468605324074
2 0.7719015757242839 0.20263264973958336 0.021263821919759115 0.05729911239058883
