1 0.8957321166992186 0.48354311342592593 0.028796259562174478 0.1110414010507089
1 0.36849040985107406 0.5100901084861039 0.02620228779448742 0.10319383409288191
1 0.4720581746986514 0.3988677191504135 0.02432659432033999 0.08965684992860957
1 0.8000975290934246 0.4856278030960648 0.03183110555013021 0.10240032054759839
1 0.7059214274088542 0.5334650110315393 0.0326412836710612 0.10449484365957755
2 0.8374967575073242 0.4524263735170717 0.02628911336263021 0.10670979817708331
1 0.324134332868158 0.5254811604817707 0.034927174841632214 0.10215764928747104
1 0.4940763280421828 0.3149836222330728 0.019338636989662608 0.08864409835250278
1 0.5970657325092307 0.2900776898419415 0.019097396005394538 0.08284669099030664
1 0.564222401747769 0.37277702048972755 0.019415278495021962 0.09257696646231192
1 0.6694690056792573 0.37009028682002304 0.04630438251329807 0.07382043909143517
1 0.13125423254748136 0.34255165215268607 0.01838935516834642 0.0867640177408854
1 0.583689586263134 0.39152953097167026 0.018975568702819492 0.08773955420318266
1 0.5761361932132938 0.4209604899088527 0.040828739677725406 0.08782583166051779
2 0.7318087267181592 0.14107695386470404 0.012411031415352478 0.07163111368815103
0 0.676134057405329 0.39637743960542066 0.007717376045314666 0.012834632562817418
