1 0.3423337936401367 0.4663079720956308 0.025052801767985026 0.10046657986111111
1 0.335864512125651 0.5991284405743634 0.026174863179524735 0.10865840205439815
1 0.6935576121012369 0.591251853660301 0.03196169535319011 0.10686006899233219
1 0.8373902638753254 0.6772814150209782 0.04151007334391276 0.12062242296006945
1 0.38345152537027993 0.46751872875072337 0.027635796864827474 0.10230283383969907
1 0.3649932861328125 0.6781329684787326 0.037781747182210286 0.1102294921875
1 0.3248086929321289 0.4948191324869791 0.02228609720865886 0.08841547082971642
1 0.46908766428629556 0.44449937608506945 0.0307249387105306 0.09694211041485822
1 0.2716184298197428 0.3556424176251447 0.02647404670715332 0.09764457985206887
1 0.9180573145548502 0.4161104555483217 0.02429618835449219 0.09040476481119791
1 0.625900395711263 0.6646896927445023 0.028680864969889322 0.1172813132957176
1 0.24130369822184247 0.5936448838975694 0.02769978841145833 0.1069170351381655
1 0.5412195841471354 0.3602281075936776 0.018172327677408853 0.08214964690031828
1 0.39435176849365233 0.6228307653356482 0.03147274653116862 0.10590164749710648
1 0.4374662081400553 0.36480938946759267 0.01983013153076172 0.0791275872124566
1 0.4547014872233073 0.40302389639395253 0.020285828908284505 0.0916094179506655
0 0.5993371327718099 0.6856013545283564 0.011408487955729164 0.018983176902488425
2 0.766529909769694 0.1810103522406684 0.02390289306640625 0.0683203379313151
1 0.434229310353597 0.3185903195981626 0.02901636759440104 0.05047098795572916
1 0.25643685658772786 0.6568514788592303 0.033114417394002275 0.052761727792245375
2 0.5019293467203776 0.5685703984013311 0.03015445073445638 0.11069217258029514
