2 0.877718162536621 0.5925408257378473 0.043920040130615234 0.1335016886393229
1 0.5375461578369141 0.4939873165554471 0.03847527503967285 0.10014334784613715
1 0.4829655647277832 0.8670225355360244 0.03644804954528809 0.1550336201985677
1 0.5866386890411376 0.5821572197808159 0.02885589599609375 0.10305824279785156
1 0.7842390537261963 0.37206310696072054 0.03251733779907227 0.0970956802368164
1 0.6580215454101562 0.6451663123236763 0.029977989196777344 0.12272271050347222
1 0.8952791213989257 0.3271401935153537 0.025299739837646485 0.09818441602918837
1 0.12356694936752319 0.1670609474182129 0.026263904571533204 0.09365075429280599
1 0.5628541469573975 0.5079723782009549 0.029505825042724608 0.10498123168945313
1 0.5237062931060791 0.5782887776692708 0.032230377197265625 0.11009678310818143
1 0.304830265045166 0.42417729695638023 0.036996102333068846 0.08203239440917968
2 0.9352516174316406 0.10929370456271702 0.02592811584472656 0.08068444993760851
1 0.8466754913330078 0.4877666897243924 0.03454742431640625 0.11019087897406685
1 0.6229708194732666 0.4163790384928385 0.03739185333251953 0.11795531378851995
1 0.9017009735107422 0.5650834825303819 0.027356815338134766 0.1275406731499566
1 0.07481944561004639 0.15419540405273438 0.04719289541244507 0.08131057951185439
1 0.5060272508480503 0.5882373218481844 0.029526556806087827 0.10343156561352418
1 0.5036151001159768 0.5629399617513012 0.034107841909813474 0.09299481709798146
