2 0.0798782507578532 0.3510598924424913 0.03848369916280111 0.0909637451171875
1 0.11363858381907145 0.470515215838397 0.030362256368001304 0.09851808901186343
1 0.3989294687906901 0.49396102340133097 0.0312957763671875 0.09717944109881366
1 0.271109135945638 0.2659799929018374 0.024966335296630858 0.07002663788972077
1 0.16039107640584313 0.49051519323278364 0.03075747489929199 0.10056389702690974
1 0.5787437438964844 0.2768457483362269 0.02721296946207682 0.06885876125759549
1 0.03911467790603638 0.20349301938657405 0.037349541982014976 0.07573581271701389
1 0.6726876576741536 0.6148292824074075 0.030803871154785157 0.10146263970269097
2 0.6387907028198243 0.9186576560691552 0.057708358764648436 0.12784474690755207
1 0.4171316782633464 0.3974579987702546 0.025402259826660157 0.08552831013997396
1 0.48298168182373047 0.3718748869719328 0.030062135060628256 0.08537043818721064
1 0.24343633651733398 0.38677769413700813 0.026758082707722983 0.08630379570855035
1 0.7164435704549154 0.5904391253436053 0.037429555257161455 0.08919881184895834
