1 0.6989212036132812 0.36853750723379636 0.01933587392171224 0.06108469080041957
1 0.3395159403483073 0.6618300261320891 0.022222042083740234 0.09342289677372685
2 0.6141949971516927 0.5472336380570023 0.02082233428955078 0.08255926061559608
1 0.8101795832316081 0.5650399102105034 0.019718170166015625 0.08008773238570602
1 0.5839716593424479 0.5444269250940393 0.01948693593343099 0.07380116780598958
1 0.4892266591389973 0.5699091028284143 0.01878016789754232 0.08503310592086227
1 0.4208682696024577 0.5668486418547454 0.019266764322916668 0.08719233760127315
1 0.6819093068440755 0.4657584296332465 0.0179443359375 0.07113006026656539
1 0.2177734692891439 0.4591723689326534 0.01884034474690755 0.07604002775969329
1 0.37024316787719724 0.6378848040545428 0.02392400105794271 0.08633027253327547
1 0.3978139877319336 0.5886483651620371 0.019967397054036457 0.08730660897714121
1 0.8588080088297526 0.4690472920735677 0.018076260884602863 0.0709409925672743
1 0.5358463923136393 0.5199408637152778 0.018197377522786457 0.07237944426359953
1 0.6217161814371746 0.41714118674949363 0.016705958048502605 0.06596939652054398
1 0.44960028330485025 0.5794353343822337 0.022087955474853517 0.08431554723668981
1 0.490381654103597 0.5032515914351852 0.02152716318766276 0.07669728597005208
1 0.4669656117757161 0.5268264770507813 0.017175992329915363 0.07404118290653935
1 0.8692973454793296 0.44451367413556125 0.016515731811523438 0.0689374287923177
2 0.7253668467203777 0.3259551436812789 0.01597309112548828 0.06550239280418113
1 0.5371562957763671 0.4734913296169705 0.01851676305135091 0.060355461968315975
1 0.4460536003112793 0.5256803724500868 0.014069048563639323 0.05465992115162037
0 0.8329091389973958 0.4864330150462963 0.008481661478678385 0.013552460847077546
1 0.360951296488444 0.6172211823640046 0.016950257619222007 0.08002613208912036
1 0.45581191380818686 0.529228832103588 0.013148816426595052 0.06555023193359374
