1 0.0516227642695109 0.5812780309606481 0.026233863830566407 0.09332947907624421
1 0.7333396911621094 0.6974916811342592 0.027723948160807296 0.10424454300491898
1 0.5329241116841633 0.5322608665183739 0.026257006327311195 0.09109372739438658
2 0.5091909726460775 0.6484934488932292 0.02987372080485026 0.10740136040581597
1 0.6946865081787109 0.6984286838107638 0.026375007629394532 0.11107833297164352
1 0.364156182607015 0.48781851309317126 0.028237342834472656 0.08088135895905671
1 0.9237594604492188 0.536848336678964 0.029155286153157555 0.08838851363570602
1 0.9721819559733074 0.685509745279948 0.02437337239583333 0.11347362377025463
1 0.5714532216389974 0.460421300817419 0.020638275146484374 0.08051325480143229
1 0.2505858739217123 0.5246202256944446 0.021442302068074546 0.09356214735243056
1 0.4806163469950358 0.46562019630714696 0.020608266194661454 0.08638602362738715
1 0.30094159444173174 0.5127858479817708 0.026128355662027994 0.08852773595739294
1 0.428163464864095 0.5361388595015915 0.02189178466796875 0.0911758987991898
1 0.8863909403483073 0.5237547697844329 0.024989636739095055 0.098358154296875
1 0.5020713806152343 0.4696109913013599 0.018497784932454426 0.07482890376338253
1 0.3222573074305798 0.5312729876171599 0.019971942836432093 0.09122967083411249
1 0.18895785013834637 0.6038998074001737 0.02239306767781575 0.09701063368055556
1 0.39650980631510424 0.49705765335648144 0.022028509775797525 0.08847777755172165
1 0.17393217086791993 0.6037327519169561 0.021264155705769852 0.09719520851417825
2 0.5367128372192382 0.3555521929705584 0.025199476877848306 0.06988355848524305
1 0.874436314900716 0.4099011173954717 0.01855894724527995 0.07104463930483218
1 0.3820197423299153 0.4944459703233507 0.01816724141438802 0.07264912923177083
1 0.3153176263649041 0.5220549216498073 0.01848910428868042 0.07867130713726221
0 0.7361792550897515 0.38312106106712235 0.006210642790237841 0.009568990373106984
