1 0.8367236455281575 0.7696504946108217 0.05716082255045573 0.1713931048357928
1 0.6547502483276307 0.5253748278669755 0.04091899288738004 0.1390588860231329
1 0.4140404065450033 0.485444019458912 0.041377703348795564 0.1071653578016493
1 0.467123031616211 0.7354914912471066 0.02991549173990886 0.14698226363570602
1 0.772686258951823 0.570313799822772 0.029827435811360672 0.11468132866753472
1 0.6332060496012369 0.6519524468315973 0.0412722905476888 0.13095844410083912
1 0.4962061564127604 0.5466593424479167 0.03317070007324219 0.14326386628327548
1 0.3851670583089193 0.5132116247106482 0.03412055969238281 0.08504599112051504
1 0.6049127578735352 0.5627224392361111 0.06542523701985677 0.057324049207899304
0 0.3716017405192058 0.5515725594979746 0.016216341654459634 0.02235062210648148
1 0.6126502436821619 0.4846753720883956 0.039289585267509516 0.10729339034469022
1 0.44990685780843104 0.5271431251808449 0.023224417368570963 0.1051189281322338
1 0.6162988569363237 0.49331005164688363 0.022000585789620317 0.09691244200787744
