1 0.04490517775217692 0.8718412046079282 0.05293240547180176 0.13697871455439814
1 0.9446989695231118 0.7117793330439816 0.0467404047648112 0.09885361282913774
1 0.7005397796630859 0.3503702234338831 0.026795323689778647 0.07237271909360532
1 0.5514933268229167 0.28768237078631365 0.02712790171305339 0.060698784722222225
1 0.8211101531982422 0.4122204250759548 0.03370049794514974 0.08507060298213252
1 0.3831431706746419 0.559405517578125 0.02869075139363607 0.08303985595703126
1 0.7720239003499348 0.5450482403790509 0.0358151117960612 0.08974581117983217
1 0.46319875717163084 0.48399285210503473 0.030758539835611984 0.07967099790219907
1 0.4824263254801432 0.5585634584780093 0.04186693827311197 0.08580599184389466
1 0.8008050282796223 0.561008538140191 0.038705635070800784 0.10985819498697919
1 0.8834429423014324 0.44279858624493634 0.024364662170410157 0.09389908402054398
2 0.6240956624348958 0.5898405287000869 0.03398087819417318 0.09320610894097223
1 0.9092549006144206 0.5222312079535589 0.02985890706380208 0.10010895905671297
1 0.5264305114746094 0.5608969794379339 0.03843819300333659 0.057782773618344906
1 0.9034608205159504 0.4582895349573206 0.03224881490071615 0.09311998155381945
0 0.3533182144165039 0.600616455078125 0.01082283655802409 0.01760033501519097
