1 0.32539218266805015 0.5186746667932581 0.03648236592610677 0.10446808426468461
1 0.05145460764567058 0.4697117275661893 0.03103006680806478 0.11165110270182294
1 0.9178737640380858 0.46803023726851856 0.03172728220621745 0.11060454757125289
1 0.392748514811198 0.7488872386791087 0.055543486277262376 0.1149870130750868
2 0.7058792114257812 0.5120840001989294 0.039048957824707034 0.10341649938512731
1 0.469984245300293 0.7112213699905962 0.04756441116333008 0.12284138997395834
1 0.3973715782165527 0.29114978931568286 0.024150403340657555 0.07220950656467014
1 0.7749247233072917 0.5803382590964988 0.03512783050537109 0.11839249222366899
1 0.3264408747355143 0.3729482014973959 0.03001712163289388 0.0930832474320023
1 0.8322558085123698 0.32473477964048036 0.026344490051269532 0.08230717976888019
1 0.3909406026204427 0.4195301197193287 0.02340367635091146 0.09740815339265047
1 0.8669017791748047 0.5936450534396701 0.04621442159016928 0.11187913682725695
1 0.6189053853352864 0.44745700977466724 0.03367741902669271 0.10962462248625579
1 0.47899589538574217 0.45663497359664357 0.031589317321777347 0.07937540124963831
1 0.6679777145385742 0.4525405318648727 0.0235443115234375 0.08597047593858508
1 0.8576191584269206 0.46627468532986105 0.026295598347981772 0.10524043330439815
1 0.8761819203694663 0.4570400944462529 0.025633939107259116 0.1063680578161169
1 0.6535214106241861 0.4199924610279224 0.019659678141276043 0.08982464825665509
1 0.42434933980305994 0.4131858260543258 0.031548277537028 0.08666031448929398
1 0.1281653881072998 0.5835656060112848 0.03449122111002604 0.11798830385561343
0 0.39465408805031443 0.46121593291404606 0.007861635220125791 0.013976240391334755
