1 0.8989331560114553 0.7820063161849976 0.03501225376535738 0.12365145683288571
1 0.39999064087867736 0.5488488006591797 0.033194859027862546 0.10327323913574218
1 0.10138649582862853 0.3529122591018677 0.03245721101760864 0.09315194129943848
1 0.0878758867065552 0.5772549390792873 0.022857661408191687 0.1100839138031011
1 0.6066690635681152 0.33736562728881836 0.027766609191894533 0.08301280975341797
1 0.9586395263671875 0.37710329532623293 0.022650909423828126 0.09397099494934082
1 0.34471326209051434 0.39259027206359975 0.016091416467242457 0.09473978996276855
1 0.842855110168457 0.28680316925048827 0.024665451049804686 0.08242240905761719
2 0.5601444625854493 0.3848565721511841 0.025323104858398438 0.09504631996154785
1 0.048054022281196415 0.426797736642673 0.015539630208593634 0.09968140823116066
1 0.9708864637391145 0.47923869132995606 0.016742983454475748 0.10437810897827142
1 0.29669057985007874 0.3205461183448046 0.023085553251502567 0.08330468177795414
1 0.6349129486083984 0.44470011711120605 0.020835494995117186 0.10014425277709961
1 0.5464236378669739 0.3351474380493164 0.020520844459533692 0.07336097717285156
1 0.4437032076578478 0.37337013244628864 0.014513642970142909 0.0927459716796875
1 0.5023526507256777 0.33179840087890516 0.019998501611082287 0.08661258697509767
1 0.9889336417731949 0.4456525230407714 0.0219242289429296 0.10185123443603514
1 0.6286491394042969 0.35410061836242673 0.020760726928710938 0.09161676406860352
2 0.21193194389343262 0.2445588994026184 0.022709178924560546 0.0770644998550415
1 0.444094295501709 0.3449831813058436 0.018046760559082033 0.07242527832213677
1 0.2902622194201633 0.2871502227324804 0.015335696714940833 0.08175139376655509
0 0.48737179325239227 0.35754024078541685 0.008413790265517562 0.013503614006386187
