1 0.5929205369949341 0.7438810443878174 0.05211480140686035 0.18177591323852538
1 0.5896394991874695 0.4273624610900879 0.04218915462493897 0.1342434310913086
1 0.7975160980224609 0.8793736076354981 0.05004425048828125 0.20474498748779296
1 0.8759487788038419 0.475915126800536 0.04427759803195989 0.14493450164794883
1 0.7324888610839844 0.574446496963501 0.03931121826171875 0.1666063117980957
1 0.6276752598924455 0.4947914910316461 0.0380130513821003 0.06866081714630116
1 0.7226133151693159 0.6990223979949935 0.0367941912327161 0.1715778923034661
1 0.39660807847976687 0.7770061874389649 0.053726639747619626 0.17441780090332032
1 0.7751578712463378 0.6010477733612061 0.048410224914550784 0.1892574119567871
1 0.4984925664484273 0.8218451881408683 0.040491602623417534 0.2009097671508785
1 0.8036973012038893 0.4115409231185903 0.023965260873469084 0.13730570793151822
1 0.9837720108032201 0.4192661521153467 0.03245597839355475 0.09954762405491314
1 0.8064974784851074 0.4909065628051758 0.024581718444824218 0.14958702087402342
