1 0.5359796451562177 0.6808290767669709 0.037575773530165474 0.10424243861489585
1 0.060275428145231465 0.6294073474388684 0.030765628809937617 0.10927650212871384
1 0.22223571677126613 0.4613881351719019 0.030418442265563683 0.09553474642869447
1 0.2801148223876953 0.34959911346435546 0.022208213806152344 0.07459758758544922
1 0.03196491718292236 0.37783498764038087 0.031068620681762697 0.08762393951416016
1 0.20230996131896917 0.3551010394122819 0.02209393273375799 0.08837827986369655
1 0.4569918125605026 0.39302824974060047 0.029770619109546054 0.0815781211853027
1 0.5643555738864937 0.4523178386688231 0.029268617165366873 0.09237600326538083
1 0.629254162311554 0.33154584646224977 0.03470751285552978 0.07681285381317139
1 0.5030659070479591 0.3282234339282965 0.032709514145149166 0.07143249338756122
1 0.7118887710571282 0.38892542752304576 0.025345230102539043 0.08723865682524727
2 0.12105381488800049 0.2718926501274109 0.023176240921020507 0.07532601833343505
1 0.6654375457763672 0.46933268547058105 0.028850555419921875 0.08755826950073242
1 0.7042111613689443 0.31976775385972567 0.020488452236486304 0.07742196603543314
1 0.9928131484985352 0.7435228109359742 0.014093399047851562 0.12085299491882324
2 0.6650893840121834 0.43459729866523866 0.03396929327491352 0.08869267334358778
0 0.475355846572074 0.3259713177231117 0.00910894275901519 0.014353485559660577
