1 0.9846902211507162 0.6276661060474537 0.03061955769856771 0.17540017587167245
1 0.8140239715576173 0.3790984542281539 0.045931180318196624 0.15313418353045427
1 0.8260381698608399 0.6020614058883101 0.03959846496582031 0.18022212275752314
1 0.6510542551676431 0.7288740370008681 0.039931869506835936 0.1907341851128472
1 0.6418626149495443 0.380533938937717 0.029880460103352866 0.1481991238064236
1 0.29804553985595705 0.7294011999059606 0.036226876576741535 0.17311520046657985
1 0.9152208964029949 0.41916599980107067 0.039349873860677086 0.14257804022894965
1 0.8588767369588217 0.7378021240234375 0.048609161376953126 0.18105666549117477
1 0.6956101735432942 0.47083644160517935 0.039460945129394534 0.1624848824960214
1 0.5602970123291015 0.4279642740885417 0.050679715474446614 0.10176897402162906
1 0.5323752085367839 0.41465513441297747 0.06498120625813802 0.07590416802300347
0 0.3584905660377359 0.39832285115303984 0.011006289308176065 0.025157232704402475
