1 0.36994228363037107 0.39992870754665794 0.02580960591634114 0.10413699679904515
1 0.18407964706420898 0.3308067039207176 0.03743600845336914 0.08665132875795718
1 0.43492794036865234 0.461427476671007 0.04246358871459961 0.10304825394241898
1 0.2207915465037028 0.46323168719256363 0.03771537144978841 0.09666849772135416
2 0.15238547325134277 0.5117843062789352 0.03456560770670573 0.11135618421766492
1 0.5099675814310709 0.4849559642650463 0.046846199035644534 0.08579751473885995
1 0.21546274820963543 0.5612201266818577 0.05545684496561686 0.11718037923177084
1 0.5007258415222168 0.4115447998046875 0.04297555287679036 0.08442911218713829
1 0.3910631497701009 0.3542529353389034 0.02232386271158854 0.07071923149956597
1 0.2783905029296875 0.4979578653971354 0.0375982920328776 0.06139043172200521
1 0.106755797068278 0.4878509521484375 0.02697289784749349 0.03507992779767072
