1 0.10742146174112956 0.47567291259765626 0.034788258870442706 0.09453961407696759
1 0.27245082855224606 0.3443549262152778 0.026486015319824217 0.0829385828088831
1 0.6645545959472657 0.5812965675636574 0.03029378255208333 0.10227514196325231
1 0.7574865341186523 0.20746517887821905 0.022313054402669272 0.06218010231300637
1 0.46866912841796876 0.9432271321614583 0.05401357014973959 0.11354573567708331
1 0.5816251754760742 0.3265029342086227 0.022175089518229166 0.08245654635959201
1 0.9622539520263672 0.4366896735297309 0.026149559020996093 0.10143551296657986
1 0.13544440269470215 0.2637864006890191 0.02371846040089925 0.07753684432418258
1 0.884564208984375 0.3226469251844618 0.02351271311442057 0.08386928417064525
1 0.8060377756754558 0.3537098354763455 0.021653493245442704 0.07739709924768519
1 0.2668704986572265 0.2232899418583623 0.021254889170328774 0.06624686629683883
1 0.9758462905883789 0.5783572726779513 0.030157089233398438 0.10671335856119792
1 0.9324071248372395 0.30261425442165796 0.023434130350748695 0.07876355206524885
1 0.2507948557535807 0.2409817730938947 0.016831493377685545 0.07237286037868923
1 0.6800347646077474 0.1771261709707755 0.01970500946044922 0.06120410495334201
1 0.47089926401774085 0.18116651464391637 0.019296010335286457 0.05712410255714699
1 0.9839214324951172 0.4065876148365162 0.024529329935709634 0.0923084400318287
0 0.30513458251953124 0.3871678670247396 0.010233497619628907 0.017124684651692708
2 0.6900618487246054 0.3097518206439069 0.021420415242513022 0.08466048064055266
1 0.7007940928141276 0.29919970477068863 0.013190841674804688 0.06674567328559028
