1 0.892969030616634 0.6370172895091918 0.01901839686659933 0.054149692702546603
1 0.7564999466447679 0.4664447990325975 0.02016787081659475 0.0639606046676636
1 0.7427185336573546 0.5801461330322308 0.018925180920150556 0.050746665000915465
1 0.7371595312114466 0.8670151534916231 0.024107394998463677 0.07595808678974594
1 0.3685853159427643 0.49621670722961425 0.0218717885017395 0.06554277420043945
1 0.3011654009935173 0.7935097074508652 0.021979515820301568 0.08308783531188962
1 0.7957114100456237 0.7183447861671448 0.025003752708435058 0.07742580890655518
1 0.606950734906308 0.4573779726028442 0.01528116951964711 0.0613137149810791
1 0.6017308551073074 0.6752224707603455 0.019892374277114867 0.07229308605194092
1 0.6880396925979064 0.3079724597930913 0.014462716494643736 0.049453144073486326
1 0.6419430329314664 0.31478185263330727 0.011290127576489641 0.04618979627003159
1 0.8052052868624979 0.6511763355987169 0.014242162672238235 0.06383848190307613
2 0.599543170928955 0.40894538164138794 0.019246482849121095 0.052698655128479
1 0.5038927764387274 0.269133744239807 0.01011071787449744 0.04739506721496577
1 0.9041843190657817 0.8338745890983391 0.019586405289451637 0.06620364665985105
1 0.7038544610960892 0.36964194558027863 0.009713746466969233 0.05640496253967287
1 0.3878363593510435 0.22151410527913254 0.0077826520646226745 0.038041087232262384
1 0.6985489856510001 0.3673619773132712 0.008966606495878921 0.05436325073242192
2 0.9379331970214844 0.9063776636123657 0.029730987548828126 0.07785847663879394
1 0.33324306957671995 0.8969493344434628 0.014698521270229479 0.09348167518343004
1 0.324030616104534 0.8908767059374526 0.016975756959982987 0.0813364181714096
