1 0.9753220876057942 0.5641665423357929 0.03339176177978516 0.11515559443721064
1 0.49108854929606116 0.6872800473813657 0.03647295633951823 0.10551317003038195
1 0.3314798037211101 0.3881438361273872 0.023673248291015626 0.08566736291956019
1 0.248878558476766 0.757506928620515 0.03289318084716797 0.11655307345920139
1 0.36704699198404944 0.36623343008535875 0.021579106648763016 0.08637929845739294
1 0.9450186411539714 0.35766285083912036 0.029424667358398438 0.09509249086733218
1 0.5353090286254882 0.24824899744104456 0.034680684407552086 0.06778564453125
1 0.9457871754964193 0.24865230984157985 0.029298146565755204 0.07956894768608941
1 0.21009162267049153 0.5615243417245371 0.026500654220581055 0.11318348072193286
1 0.70950927734375 0.5345613267686632 0.032338460286458336 0.10770467122395834
1 0.23658396402994794 0.490208661114728 0.035480499267578125 0.10156317816840278
1 0.4949446042378744 0.2607069227430555 0.024786631266276046 0.06784338774504485
1 0.9190343221028647 0.2625803912127459 0.02532494862874349 0.07230258517795139
2 0.8262989679972331 0.44789075498227715 0.02774505615234375 0.10360791241681135
1 0.6383062998453777 0.34522111680772566 0.02264181772867839 0.08887461909541378
0 0.6832234064737954 0.3875142697934751 0.01063677469889323 0.015796237521701388
1 0.644564946492513 0.3475451999240451 0.01866804758707682 0.08445974279333043
2 0.532625786163522 0.18099231306778477 0.024371069182389817 0.07127882599580718
