1 0.12888766924540201 0.7567397506148726 0.0331830898920695 0.12501469364872686
1 0.7969462076822915 0.4349196822554977 0.02815291086832682 0.08592684710467303
1 0.6199066162109375 0.6447567409939237 0.03951263427734375 0.0919260095666956
2 0.2195620059967041 0.5439282452618635 0.032361475626627605 0.08647240532769099
1 0.28360131581624354 0.4927154541015625 0.03408263524373372 0.08763422082971645
1 0.5070115089416504 0.616783763744213 0.03673572540283203 0.0863613552517361
1 0.4879301373266657 0.5901230790940889 0.023664795537097872 0.09131405864486132
1 0.2837345123291016 0.4434644911024306 0.02601346969604492 0.06928544221100984
1 0.49211724599202467 0.5396714952256945 0.02300262451171875 0.08591924596715855
1 0.4789602279663086 0.5243776674623842 0.02185481389363607 0.08491685655381945
0 0.4738470707903012 0.6263207963458932 0.00743972899842574 0.011756608787635797
