1 0.7151426951090495 0.31639983565719043 0.031802940368652347 0.08169736508969909
1 0.8284047444661458 0.41072735256618925 0.03559195200602214 0.09457934344256365
1 0.3289958953857422 0.3336512247721355 0.03361097971598307 0.08480984723126447
1 0.9747697830200195 0.4761516994900174 0.030674616495768234 0.10476794772677951
1 0.5454577128092448 0.4558653654875579 0.025776131947835287 0.1014426902488426
1 0.6678093592325847 0.3191064057526765 0.0366058349609375 0.08354605215567129
1 0.27631435394287107 0.25482367056387445 0.02287632624308268 0.07566498650444878
1 0.8752564748128254 0.38288763540762444 0.03193174997965495 0.09274840178313079
1 0.5965647379557292 0.24717362015335648 0.022296269734700516 0.06960005583586516
1 0.12041428883870443 0.5792195638020833 0.047528711954752605 0.1264060691550926
1 0.5275310516357422 0.2031911779333044 0.021614042917887367 0.05256077801739728
1 0.053330516815185545 0.2823153460467303 0.027865350246429443 0.08256200154622396
1 0.024851332108179733 0.37368206448025176 0.02040597995122274 0.08575416847511574
1 0.4382076308526387 0.17211572422344504 0.015765481852190736 0.04782817330967161
2 0.3946229934692383 0.25663163926866317 0.01960913340250651 0.07239126982512298
1 0.4021836598714193 0.25009177879050926 0.015930716196695963 0.07009897585268374
0 0.43105079600673746 0.19918658931386926 0.007335021701410867 0.00978002893521456
1 0.4150971238061688 0.20896661824908377 0.014303292317751327 0.05411616010818708
1 0.4249994031030736 0.21255262885866244 0.017970803168456655 0.05346415817917272
