1 0.0816920280456543 0.3957327100965712 0.03490709861119588 0.09947244149667245
1 0.42434988021850584 0.17217434070728443 0.029091199239095047 0.08085149129231771
1 0.2387581507364909 0.41067420111762154 0.028805621465047202 0.09117315786856192
1 0.5045958201090495 0.5506552237051505 0.04555425643920898 0.11202285201461226
1 0.4834869066874186 0.7041139955873842 0.03777885437011719 0.12301788330078126
1 0.3034371058146159 0.43443504616066264 0.03475179672241211 0.09489130090784144
1 0.46417032877604164 0.2736340558087384 0.02483876546223958 0.08959811175311053
1 0.3362243970235188 0.28745888604058156 0.03832244873046875 0.08807633011429399
0 0.5056193669637045 0.7284181382921007 0.01282033920288086 0.02255181206597222
1 0.37833639780680334 0.1777258413809317 0.023381932576497396 0.07860603332519531
1 0.23984265327453616 0.23642778749819154 0.027649720509847 0.08375152305320457
1 0.21221753756205242 0.1253109402126736 0.028736019134521486 0.06871631057174117
1 0.28737150828043617 0.11578018753616898 0.020236746470133463 0.0664025483308015
1 0.7744598388671875 0.30661541974103007 0.0350161870320638 0.08745761447482639
1 0.012100391586621602 0.33093620582863137 0.024200783173243205 0.10104364465784144
1 0.1316504955291748 0.11531349464699073 0.02920852502187093 0.04280466856779876
2 0.5680208841959635 0.9551903618706598 0.044040489196777347 0.089619219744647
2 0.012163605292638142 0.3317488776312934 0.024327210585276284 0.10163873743127894
