1 0.1399579366048177 0.6478597005208333 0.0427368958791097 0.1382175021701389
1 0.37794100443522133 0.7247930456090856 0.05424795150756836 0.12398630777994792
1 0.22787513611083474 0.5038812215250483 0.04610245778888957 0.11427017458951427
1 0.32152423858642576 0.9265432287145545 0.0504425048828125 0.1363406711154514
1 0.3286241184927505 0.5427762805958158 0.03329670572947065 0.12322877194829066
1 0.1397268295288086 0.9021568015769675 0.03960267702738444 0.1432641488534433
1 0.06888470649719239 0.6471347384982639 0.0479677120844523 0.11318608036747685
1 0.24253881772359212 0.7313999882450811 0.037636216481526694 0.14487508138020833
1 0.11011701424916585 0.5482149477358218 0.05355178515116374 0.1137433652524595
1 0.6390220642089844 0.5617515281394675 0.0388495127360026 0.11314239501953124
0 0.2714901744819679 0.5370444135735661 0.010063723223413711 0.019733438396643457
