1 0.24086929957071937 0.44399795532226555 0.025844256083170578 0.11266541657624421
1 0.27270161310831703 0.8382538972077547 0.05104794502258301 0.1524132622612847
1 0.4319892565409343 0.5813101309317129 0.04495455423990886 0.09337661178023726
1 0.11050394376118977 0.5598829481336804 0.040874059995015456 0.10917782253689236
1 0.3682102839152018 0.5332109239366319 0.02772954305013021 0.12203527379918981
1 0.17367102305094403 0.735507541232639 0.03323947588602702 0.1395557544849537
1 0.6618312199910481 0.6251957080982349 0.03203709920247396 0.11864183213975694
1 0.5426408131917317 0.5602482548466435 0.026543839772542318 0.10805014151114005
1 0.2666882832845052 0.5528028700086804 0.02430704434712728 0.11571988706235531
1 0.15605859756469725 0.4792769820601852 0.03247477213541667 0.09125982213903355
1 0.03307693401972453 0.5540015326605903 0.024583043654759728 0.11105872260199653
1 0.1996620496114095 0.5696444476092303 0.04707654317220053 0.10467450177228009
1 0.015808316071828206 0.38625951696325234 0.024205124378204344 0.0890148021556713
1 0.6432759602864584 0.6009753757052951 0.021525001525878905 0.10312567816840276
1 0.6570924435021742 0.4679718865288629 0.050285973938755786 0.06060830575448499
0 0.7413522012578616 0.45143256464011183 0.00786163522012572 0.011180992313067718
