1 0.3946621259053548 0.781831529405382 0.03427734375 0.10656811749493635
1 0.479188060760498 0.4080667283799913 0.024809964497884116 0.07733928539134838
1 0.3960429827372234 0.6686153835720486 0.036049143473307295 0.07687304461443865
1 0.7591655731201172 0.7383485016999422 0.02826995849609375 0.1045413547092014
1 0.7657718658447266 0.29021634702329285 0.025075721740722656 0.06283108746563947
1 0.5824082692464193 0.7755944711190683 0.03342227935791016 0.10493446632667824
1 0.32343692779541017 0.693851951316551 0.02567036946614583 0.10785641140407985
1 0.4837153116861979 0.63412436026114 0.029656283060709634 0.09049027054398148
1 0.15206810633341472 0.24713301482024014 0.02202583948771159 0.06930164761013455
1 0.2578381379445394 0.7035714608651621 0.026162370045979818 0.09499935574001736
1 0.664264170328776 0.894595675998264 0.03801085154215495 0.12438286675347224
1 0.44306230545043945 0.730135656286169 0.03981590270996094 0.08870990894458912
1 0.6736259460449219 0.2828336927625868 0.02010936737060547 0.0616543522587529
1 0.7966825485229491 0.4165437486436632 0.023377482096354166 0.07509943644205729
1 0.3676598230997722 0.6390692816840278 0.026895713806152344 0.08206724943938079
1 0.9865730921427408 0.5062176739728009 0.02493705749511719 0.08165918986002603
2 0.7209270477294922 0.09345356976544414 0.013501167297363281 0.048699880529333044
2 0.7743195851643879 0.5562178435149017 0.02563190460205078 0.09789259168836806
0 0.3998714447021484 0.7223752622251156 0.017234992980957032 0.023725495515046297
