1 0.8151124408159812 0.42248799512310653 0.011378284590611562 0.06643879190692648
1 0.04099439740180969 0.48313275814056394 0.021538350582122803 0.08082987785339356
1 0.40635319948196413 0.4920394468307495 0.02047029972076416 0.0810874080657959
1 0.5453334456419369 0.6432307221687146 0.02229657822956667 0.10345353386234261
1 0.7473657379635348 0.33581029978713434 0.01329153033441261 0.05175461769103992
1 0.8855781687155446 0.3889438928165811 0.018086995993696068 0.06590279102325429
1 0.7338569597380444 0.47602075272663974 0.017932859774960494 0.07202823500550876
1 0.2069598320681914 0.40261152831038727 0.01616336475394602 0.06601087570190413
1 0.7070766580104828 0.5200619697570801 0.029464595317840576 0.0798488998413086
2 0.45880174517631533 0.9619242858886718 0.03526630163192749 0.075469970703125
1 0.5731812668890156 0.4027224480378547 0.01335824356945232 0.06044539536341723
1 0.5537758221700583 0.4500735368463017 0.013138064361847954 0.06861868494069019
1 0.37199612975120544 0.39735295057296754 0.01483980894088745 0.061223464012146
1 0.24491770415184086 0.3429668643272244 0.011962700565028512 0.055832586288452044
1 0.4272102627976362 0.2951192658580945 0.013259187936782832 0.04335021756056306
1 0.5237080889677445 0.6537987058822538 0.02184429168701172 0.09844078063964844
1 0.551762279922078 0.31240244290556685 0.011392916198669606 0.042897896210139314
1 0.5387160969116492 0.361878240671334 0.014905018389065028 0.04982445184368427
2 0.7153971862792968 0.3841803240776062 0.020891571044921876 0.054907736778259275
1 0.9960894203186035 0.46215115785598754 0.007821083068847656 0.07509104251861572
0 0.35897067274000405 0.42925519310232635 0.005899088172974778 0.009732244454488814
