1 0.034747322400410965 0.6777266325774016 0.03791881402333577 0.1666129783347801
1 0.6578821182250977 0.8979519879376447 0.044129053751627595 0.1813956931785301
1 0.3257624626159668 0.7383028383608219 0.047606468200683594 0.17179322419343174
1 0.14242995580037435 0.4825109411168982 0.03873109817504883 0.13800775033456308
1 0.47846104303995773 0.7690287272135418 0.043934059143066403 0.16145465992115163
1 0.7785982767740884 0.6923068576388889 0.03230902353922526 0.16348340069806133
1 0.830696932474772 0.8238881429036458 0.040608851114908855 0.16641704418041087
1 0.5695048014322917 0.6830851802119503 0.03317133585611979 0.15760238082320602
1 0.19542957344359657 0.5330134886206312 0.03855342782604726 0.15439613622418624
1 0.562616475423177 0.6234264797634548 0.03272711435953776 0.15181590892650462
2 0.1300277868906657 0.7447367350260418 0.041159415245056154 0.18937999584056717
1 0.2065525357129826 0.5265430407164589 0.02742040196175228 0.139609729353175
