1 0.6792683919270833 0.835648939344618 0.03144556681315104 0.1101400304723669
1 0.5289189906180568 0.620262384192031 0.03025646186365223 0.09043108402605603
1 0.43477455092079104 0.3911701626247824 0.02390172581725767 0.06495313688937575
1 0.48146112983637407 0.4252374638066466 0.025133959218795254 0.06489692970558444
1 0.29780299333578636 0.5506557888454887 0.029983755304288227 0.0800237019856774
1 0.1638677007739373 0.532966783311632 0.028805562071326382 0.0854468312820659
1 0.12721764246622722 0.3540711579499421 0.02504920164744059 0.06389343826859085
1 0.1919981196156009 0.4419310992993488 0.02577946079390485 0.0741249158864958
1 0.8752880732218423 0.4735730771665219 0.029387156168619796 0.07903182418258102
1 0.25859061142572587 0.4762767650462972 0.021898737476440625 0.07608162208839715
1 0.2986876805623372 0.4464916935673467 0.026276365915934245 0.07106374104817709
1 0.34850114068902244 0.3987923315221272 0.024113961445028597 0.06493357068638969
1 0.5872517357354685 0.525742378807359 0.02774946095255104 0.08566081462378133
1 0.6165006524540964 0.5345909765416597 0.015216091300652075 0.08742523193359361
1 0.32089702018713084 0.44858431569670804 0.02728312327314967 0.0631921683581121
1 0.07009112834930438 0.4680765148227789 0.022435557842254702 0.08642919555620004
2 0.07262644753655831 0.4982896713541185 0.02847322046097878 0.08535120903730682
1 0.594914531474247 0.5049303973162614 0.02726980891836366 0.06756080344871233
0 0.33103359777717645 0.47997266640867103 0.006733368983576043 0.010972897602864719
