1 0.5057141621907553 0.8415907683195891 0.03046757380167643 0.09055390534577548
1 0.6199782053629558 0.7799572979962385 0.029538917541503906 0.10219415735315392
1 0.5399948755900065 0.6521320484302662 0.02436065673828125 0.08764738859953704
1 0.18504610061645507 0.6984778510199652 0.023227167129516602 0.07489635326244214
1 0.5045256932576497 0.6581509060329861 0.023535633087158205 0.0896465160228588
1 0.9078468322753906 0.5802888093171297 0.023142687479654946 0.080018389666522
1 0.6725238372132671 0.3212062477150731 0.019189251806444794 0.06140977258400817
1 0.6279415130615233 0.41721824363425924 0.020770581563313805 0.06830379344798901
2 0.7369850158691407 0.579828785083912 0.01765867869059245 0.08410961009837963
1 0.23967361450195312 0.6852023089373553 0.02830484708150228 0.07882713035300926
1 0.26998502928253126 0.41746398615676983 0.019315752743418624 0.06634143915562574
1 0.2565181096394857 0.5832587913230615 0.0228973388671875 0.08401884856047453
2 0.3882767677307129 0.25393394187644674 0.014095306396484375 0.057042807119864
0 0.3730735323604495 0.5939067913310367 0.009182433404957852 0.015685399791700805
