1 0.7472756703694661 0.6886866816767939 0.015384483337402343 0.056123295536747685
1 0.6002601623535155 0.6053308557581019 0.013518651326497398 0.04935839617693866
1 0.38185049692789713 0.8315047652633102 0.019477971394856772 0.07275238037109374
1 0.6313135782877605 0.7635501437717014 0.01582991282145182 0.060808365433304395
1 0.6007602691650391 0.6604811491789642 0.014222971598307292 0.05062052408854167
1 0.5153533935546875 0.688592020670573 0.015409787495930992 0.058299877025462965
2 0.8394828796386719 0.5707322862413196 0.016503270467122397 0.0521739818431713
2 0.7414455413818359 0.5453892460575811 0.012772051493326823 0.04500172932942708
1 0.4878122329711914 0.6263398912217881 0.014064566294352215 0.052876112196180554
1 0.543330955505371 0.756808019567419 0.015506871541341146 0.06983439127604167
1 0.3538389205932617 0.7272680211950232 0.015390618642171222 0.06103645607277199
1 0.7788286844889322 0.6120556866681135 0.013953081766764323 0.05081821017795139
1 0.8671859741210938 0.6970776028103299 0.014728355407714843 0.05619190357349537
1 0.6652169545491536 0.7114543773509838 0.013926506042480469 0.05634183530454282
1 0.9247830708821614 0.5507367734555845 0.012985420227050782 0.0444782398365162
1 0.5620229721069336 0.5686439231589988 0.01221160888671875 0.04613251862702547
1 0.6765466054280599 0.5727438467520254 0.01251513163248698 0.04371066623263889
1 0.7329638163248698 0.625271154333044 0.013946088155110677 0.053143310546875
1 0.5219430287679037 0.5849252206307871 0.012842814127604164 0.04752010769314237
1 0.6796405792236329 0.6194725319191261 0.012119102478027343 0.05305514865451389
1 0.7184024810791015 0.6388807508680556 0.013731447855631511 0.05095175283926505
1 0.7135822296142578 0.6789020679615162 0.012697855631510414 0.05365854899088542
2 0.6747266769409179 0.5302439371744793 0.013722991943359375 0.041428346987123846
1 0.6743810017903646 0.5301631786205151 0.014264869689941406 0.041089997468171297
