1 0.034903474296059396 0.6498012456247233 0.045031581576691876 0.1743177604675293
1 0.12723038679207993 0.6662254992178057 0.05126889217206568 0.16847585678100582
1 0.6563111252318358 0.46646725654496257 0.039520034637755365 0.13947422981262192
1 0.7107328862911635 0.767338275020416 0.04726233235877598 0.18447368621826132
1 0.2164854719174255 0.4130882805484577 0.03308988609559327 0.13268229484558106
1 0.17481261730194092 0.4004972839355469 0.04273743629455566 0.1399054718017578
1 0.12283618300145104 0.22382089348166495 0.03112537860870361 0.10540500640869141
1 0.9534121184000633 0.5169951516491127 0.026604279123243507 0.16165372848510717
1 0.7230412214244921 0.3125491976732687 0.026333269321038764 0.1134394359588623
0 0.7376874942770566 0.36592430373808876 0.012524796293646147 0.01821788551803074
