1 0.9201367589710049 0.547370684588397 0.031949494963914964 0.13188510470920145
1 0.4568847321074959 0.7705212408489007 0.04155199949650542 0.15389805522382963
1 0.6474813019712409 0.45316970260054956 0.030312350597362436 0.1254147847493487
1 0.5201211293538411 0.4796110365125868 0.03956054051717122 0.13202816998517072
1 0.81166140238444 0.8371572423864293 0.05268484751383464 0.1289345070167824
1 0.32901732658952976 0.5538538300405771 0.041443298315232996 0.1462161530101188
1 0.3813000696299707 0.646091454915709 0.039065968201937085 0.11385495516372196
2 0.722152837117513 0.7045646950050637 0.03820343017578125 0.14806733308015047
1 0.19975174268086732 0.46527743869357624 0.03787695180421296 0.12994168734980896
1 0.5734221334735191 0.45353600457503135 0.026830761264566363 0.10187892183262628
1 0.41280309179609903 0.605951637353086 0.04236135842033337 0.12394076385547736
1 0.23631660323156986 0.5765080580672339 0.031054258075092052 0.11303175921895386
1 0.498528258005778 0.427133630823206 0.03112901051839193 0.13003994977032696
1 0.46055559427441994 0.5524310327315495 0.040154845611184126 0.12615593165595196
0 0.45601908365885413 0.6675748471860533 0.014475727081298828 0.024469446252893517
2 0.9427253652082179 0.12084807086278722 0.04472556407141275 0.06986933288303648
1 0.4577351925302667 0.49901825809256795 0.039121914724308766 0.12235533289622666
1 0.4578414619098972 0.4453613496334789 0.034769411907774515 0.0729093746672179
1 0.47096344670643103 0.439247803974035 0.03131744992133907 0.13099843856597412
