1 0.8586424509684245 0.6770983660662615 0.029275258382161454 0.1441157023111979
1 0.3962453842163086 0.6403633965386284 0.035051918029785155 0.1608157687717014
1 0.6445096969604492 0.5054790355541088 0.03340911865234375 0.14433042738172744
1 0.42749899148116816 0.8843893482872788 0.03448214065645655 0.1418758068403882
1 0.7506016866302958 0.8310157058195551 0.030650057830526645 0.16948163067852995
1 0.6883744557698567 0.6410928231698496 0.0427273432413737 0.1010947898582176
1 0.4329557418823242 0.5128784744827836 0.02926181157430013 0.13770489162868924
1 0.7912432352701824 0.645062255859375 0.025328000386555985 0.1471540097837095
1 0.5189571698506673 0.595962072301794 0.04389336903889974 0.1145456384729456
2 0.7674233118693035 0.669871747052228 0.043013890584309905 0.1499495894820602
0 0.4647730509440104 0.5815051043475116 0.01223287582397461 0.02284964102285879
