1 0.2798034007277264 0.5819007070106627 0.0272551574536297 0.11814965142144099
1 0.4223362374065713 0.5804902120481625 0.044271368175007965 0.10778526023582177
1 0.7887797037760416 0.565212673611111 0.041128985087076825 0.11927710639105901
1 0.9186026891072591 0.6842603330258971 0.05935351053873697 0.13724150481047453
1 0.8284727732340493 0.43644109655309604 0.0413174311319987 0.09418323658130787
1 0.3492282773717693 0.6284416093288194 0.03907134616134439 0.11842046667028351
1 0.6689268747965493 0.4065858629014757 0.037586212158203125 0.08801874231409142
1 0.834573237101237 0.36117338957609957 0.032480748494466145 0.06691784328884548
1 0.9679527282714844 0.3410442776150174 0.033023643493652347 0.07230137012622974
1 0.8678962707519531 0.5898722330729166 0.05146535237630209 0.11831286395037616
1 0.07112499872843425 0.4519341927987558 0.04314883550008139 0.0635136639630353
2 0.824133809407552 0.2598864802607783 0.01762866973876953 0.06097519486038773
0 0.32934409741868875 0.6111205651242668 0.009669866012524437 0.023408848219444566
