1 0.4813139857827067 0.5673100844151219 0.021584801265387924 0.11728600502014155
1 0.8268705105781555 0.6274521684646607 0.03198458194732666 0.13123169898986817
1 0.1243787236999846 0.5024309902874675 0.034786458801603956 0.10782640047580129
1 0.31867002487182616 0.4443587350845337 0.02741851806640625 0.09497426033020019
1 0.35612564126736146 0.6019139909744269 0.027516626504984806 0.13149346351623528
1 0.16995682597160336 0.528560037612915 0.02866515476641707 0.11427171707153316
1 0.5500330377469854 0.41595953941345165 0.02639446718486113 0.08382543563842768
2 0.556500256061554 0.5506748628616333 0.03215433597564697 0.0980904483795166
1 0.6490669059753418 0.4511706733703613 0.025325965881347657 0.09341823577880859
1 0.47141902923583984 0.3788225817680359 0.028733444213867188 0.07061360836029053
1 0.40537531952020295 0.42473963066307474 0.0302349483941128 0.08483799120931923
1 0.44588460922241213 0.44579715728759767 0.026784324645996095 0.08839874267578125
1 0.6013814544677735 0.4503459072113037 0.020770263671875 0.09914968490600586
2 0.5435914202258124 0.30230698378297477 0.026327660653220463 0.06639686110833166
1 0.7378151318563879 0.5308559224222436 0.02616191773276912 0.10720910072326649
1 0.5008120250701904 0.4145658612251282 0.020444393157958984 0.07659075260162354
1 0.00803764740936458 0.5961329174041748 0.015815768241882324 0.11623388290405273
1 0.42419607162475587 0.3785523319244385 0.025097465515136717 0.06336969375610352
1 0.4685579550189168 0.46165242796200123 0.026488014053679447 0.08715713500976559
1 0.7232694625854492 0.5086661148071289 0.022116470336914062 0.107532958984375
0 0.4819906702474522 0.44937495142470313 0.008541911072266616 0.012246467487120613
