1 0.10334532728033413 0.5297359247847062 0.0402258489576408 0.12573481954011434
1 0.37801031376062144 0.5033721795561652 0.03620934430946616 0.1208073149047123
1 0.3309589469432831 0.45890869140625 0.0322617506980896 0.11608734130859374
1 0.1933446150601935 0.6814146232604997 0.024993195921693558 0.143444480895996
1 0.45776656233981666 0.5976845788955687 0.03151479887396948 0.12815289497375482
1 0.013135671615600586 0.8517253541946411 0.026271343231201172 0.1572609806060791
1 0.5375154113769531 0.6094205808639527 0.02615814208984375 0.1233817195892334
1 0.6493959426879883 0.5424501419067382 0.03168487548828125 0.1146209716796875
1 0.49511045554292166 0.47824954789443247 0.047486111092941694 0.10533676147460935
1 0.569374285825627 0.4924862133191428 0.04618678159550267 0.12414260469999781
1 0.7885706175767965 0.6357800746763321 0.022501342575468767 0.1383860061954319
2 0.24454112052917482 0.6276491928100586 0.04455347061157226 0.1419701385498047
