1 0.6341931660970052 0.6310138843677662 0.03174050649007162 0.1293253015588831
1 0.6183071772257487 0.4835675840024595 0.02999814351399739 0.1144377249258536
1 0.015054862697919209 0.5429287945782697 0.030109725395838418 0.13518360279224537
1 0.7280016581217447 0.49388987223307296 0.03089148203531901 0.12708683720341435
1 0.13350723584493 0.3596337777596933 0.03062239487965902 0.10339934737594039
1 0.3251989046732585 0.3631609316225405 0.024002265930175782 0.10826074105721933
1 0.3536425272623698 0.32434471978081597 0.02449172337849935 0.10078514946831599
1 0.8913727442423504 0.5369319209346064 0.030612945556640625 0.1311123600712529
1 0.6838056564331056 0.46999641701027195 0.031944020589192705 0.11170883178710937
0 0.9134109497070313 0.5361408374927662 0.03235836029052734 0.12622448956524884
1 0.7766681035359702 0.47767695674189814 0.02613004048665364 0.13216767487702547
1 0.4187991460164388 0.32460954454210067 0.025763416290283205 0.08047089753327547
1 0.5107113520304362 0.3281868828667535 0.028538068135579422 0.08216547082971644
1 0.6825499216715495 0.4137135258427373 0.027585919698079428 0.11239923547815395
1 0.4305049260457357 0.2838383992513021 0.020126501719156906 0.09409821121780962
1 0.5734123229980469 0.4737934818974247 0.02305011749267578 0.11274583604600695
2 0.3025506019592285 0.3625191582573785 0.024640274047851563 0.11045554832175926
0 0.14590155413483039 0.3986722571628232 0.010395550704298557 0.01848097902986417
