1 0.5644606908162436 0.6379757916485821 0.04436709086100261 0.0938919632523148
1 0.5318115870157878 0.5796071370442708 0.045288467407226564 0.09992308440031829
1 0.43530705769856776 0.615810705114294 0.03151756922403971 0.10731415925202546
1 0.22647202809651693 0.4998155381944444 0.03041830062866211 0.10806766086154514
1 0.013362294435501099 0.6669650042498553 0.026724588871002198 0.12310045030381944
1 0.1638341426849365 0.43512008101851846 0.022751712799072267 0.08810797797309028
1 0.14159228006998698 0.4845401340060764 0.02582815488179525 0.10000901398835359
1 0.48792966206868493 0.551534695095486 0.05011494954427084 0.09328856291594328
1 0.20068645477294922 0.5097824661820024 0.02729643185933431 0.09911148636429398
1 0.7057116190592448 0.5437468352141203 0.05021813710530599 0.07158677842881944
0 0.9473738887194895 0.5777864512068711 0.014670043402821733 0.01760405208338611
