1 0.34679103295351005 0.5154007929312305 0.043270936012268064 0.11388597488403321
1 0.8417867586954383 0.39274401187896724 0.02251017212096743 0.10787625312805166
1 0.796502287581819 0.38695736885070803 0.0386985448901986 0.10435739517211914
1 0.25717109640353664 0.625913196852383 0.04407126822861729 0.13687732696533203
2 0.5609613287448884 0.6158286094665527 0.030312473773956298 0.14924915313720702
1 0.7231250397398569 0.6277092283712941 0.046246387943106274 0.14965915679931638
1 0.16028057059080567 0.6324837168925561 0.044651637077331545 0.1394649887084961
1 0.7563473337824472 0.5650964546203613 0.0546184122690911 0.1177669906616211
1 0.6912651526902254 0.39183838367462165 0.027005403036698527 0.11065911293029786
1 0.25471162498125743 0.5008466135953101 0.03290539860468396 0.12616281757866651
1 0.204786730603924 0.5220037603378296 0.034467260035973196 0.13470644950866698
1 0.5168508338928223 0.4771296072006226 0.032853126525878906 0.11175211906433105
1 0.5409855270385742 0.41655138015747073 0.028394699096679688 0.1064151382446289
1 0.7037396621704102 0.516528491973877 0.02679862976074219 0.11461467742919922
1 0.6673147070407868 0.38724679946899415 0.029196674823760985 0.10552509307861328
1 0.4822588813279199 0.3671411978901618 0.03252376078531283 0.0856404138205061
1 0.5511011505126953 0.5133349943161011 0.02941131591796875 0.10895453453063965
0 0.2133361963333332 0.5820288644658236 0.011572911775328976 0.019594347979393092
