1 0.8069149920367793 0.4159869611322379 0.03739296285812019 0.10279980674781317
1 0.6459292321424026 0.5002268518247793 0.0374731085314715 0.10455624486432878
1 0.6039078934705767 0.3773679550106362 0.02634020442411666 0.10467516268610039
1 0.35115689702138697 0.42329937608100776 0.02670345797510073 0.09664134201757026
1 0.5511387545039308 0.45851709096049403 0.03249336480237734 0.10825848369720954
1 0.06376089957897786 0.43910889077963816 0.02177137984962859 0.10488105985430311
1 0.6439853415026117 0.3024827040051806 0.02523023554658851 0.09439041677804584
1 0.2050531974190964 0.3111636619204081 0.026491961526775375 0.09089830839758131
1 0.49681059266659516 0.4255957844239901 0.030609474029844718 0.10389184532410692
1 0.8061898262450693 0.28658216408300985 0.025919074786928384 0.08461265276388472
1 0.5291194799150601 0.22551288274531672 0.02610992642354498 0.08396610023455739
1 0.40693960475350593 0.3640660603841139 0.018406459633222454 0.09652055775466167
1 0.37450571223885226 0.3688966734770471 0.024579146798260322 0.09062368207243245
2 0.38054574622199844 0.14844808835625783 0.02374614606577965 0.07423151226544619
1 0.5014347394307455 0.24927071465386283 0.024278640747070312 0.07991393760398582
1 0.4824512012123823 0.3706897356680945 0.016215702962968398 0.09616192519339574
1 0.49284713358317517 0.34167830855758086 0.0167482235160416 0.08810636732313365
1 0.4818487445427737 0.3135589285025873 0.024121546762432656 0.09246452538986868
1 0.7935589773464067 0.3473160300167223 0.019092937908147048 0.07679642258735925
2 0.7869981092045637 0.4031513171158393 0.019576614181913452 0.10019532749325298
1 0.7782219869899576 0.3606356490461539 0.02328947961799306 0.08492594156298068
0 0.7755462374985531 0.3686457574657717 0.007243197212301321 0.012451790965838918
