1 0.26864895590040216 0.7124013997438897 0.02800313504112552 0.10476189402208227
1 0.17133549034149043 0.7632230122884124 0.034461567262917395 0.1060477786593967
1 0.6139109134674061 0.5897405815821506 0.04050788879394531 0.0841261586808595
1 0.8618336306451695 0.6270380655924479 0.02189252259598458 0.11085094875759546
1 0.4951152801513672 0.6372113969590929 0.042180871963500975 0.08142445882161459
1 0.8823379710793142 0.498783196343316 0.024283115695718692 0.08753225538465711
1 0.4970734119415283 0.5302887386745876 0.03145599365234375 0.06954532199435765
1 0.643328666687011 0.6161994086371523 0.02093801454937178 0.0876445770263671
2 0.678066313647944 0.7378893722320385 0.034402252005972196 0.11815579253265429
1 0.7457280335904537 0.5163503154765816 0.017640539120090896 0.08435197101392782
1 0.7332761376143191 0.5777283562554253 0.019493086861305284 0.09981858995225677
0 0.6157561744671626 0.6499098971139577 0.008280937954099591 0.016334424015781307
1 0.9915040969848633 0.46337339613172746 0.016991710662841795 0.08011088901095921
