1 0.4803144454956051 0.6320337253823515 0.03909772597291875 0.12845376460349625
1 0.9315767923990886 0.6692409939236111 0.03783626556396484 0.1292176988389757
1 0.40900184882480695 0.46175163598438407 0.029182211276425677 0.09861549094871236
1 0.29053729977132753 0.3716831172999953 0.02106241643982918 0.09660554108796354
1 0.6805381800181369 0.4956761588178896 0.027913271281531746 0.10119286996346932
1 0.566211888646413 0.416968547612078 0.03563972963496707 0.09537892645968875
1 0.2072359085083005 0.6258606477231085 0.0320882840527739 0.12930933505168396
1 0.308471936528554 0.4747395268192998 0.026418828237080014 0.10428738064236112
1 0.6216091244482458 0.40484453323035974 0.02418203966822001 0.09665284333405672
1 0.4837183177513992 0.33785026499193477 0.026383226923837818 0.08895557544849533
1 0.428832499186198 0.32068012378833916 0.02392918268839518 0.08252043547453704
1 0.34127741998034333 0.4923354998876055 0.022555055563667614 0.10676269531250003
1 0.4485253016153971 0.3565186677155671 0.027660910288492838 0.09810093067310474
1 0.8349430109507543 0.36137285585756657 0.0305673266808655 0.07494015163845483
2 0.13577052120201136 0.3978986476780586 0.036098727664071004 0.09598682544849535
0 0.3475991702605383 0.5395625104418178 0.010019837034916832 0.01469576098454463
