1 0.674488894144694 0.6090472186053241 0.03589146931966146 0.11155401159215855
1 0.6461077372233072 0.3262899328161169 0.02080427805582682 0.08547080711082175
1 0.3552867889404297 0.2918790464048032 0.0189059575398763 0.07741826375325521
1 0.7765608469645181 0.4933427033600984 0.0317410151163737 0.09596249615704572
1 0.47625522613525384 0.4061740733959056 0.02487796147664388 0.09150543212890624
1 0.9012058893839519 0.30468823468243633 0.02050946553548177 0.083336752432364
1 0.9572944641113281 0.3496853298611111 0.019850858052571616 0.08357705010308161
1 0.6010498046875 0.3104462235062211 0.021323331197102866 0.07988535563151042
1 0.5769435882568359 0.8124994348596644 0.031674702962239586 0.1339800234194155
1 0.6244189580281575 0.25393196388527195 0.019376754760742188 0.058839388246889474
1 0.37302494049072266 0.3097874959309896 0.01833031972249349 0.07838892053674769
1 0.887304178873698 0.3766693680374711 0.015541394551595054 0.08936999285662615
2 0.42109657923380533 0.41958852697301796 0.033435630798339847 0.09664397063078704
1 0.035225490729014076 0.7352039478443286 0.03188172976175944 0.12971327039930555
1 0.5482903798421224 0.2590699372468171 0.01924597422281901 0.06936425103081598
1 0.5321922302246094 0.23352836326316548 0.019220352172851562 0.06579618100766782
2 0.04216232697168986 0.22468674271195024 0.022920813163121542 0.08140920003255209
