1 0.667923863728841 0.5162128589771412 0.03015944163004557 0.09124801070601851
1 0.11506379445393881 0.3386740225332755 0.02386289437611898 0.0817068029333044
1 0.4389202117919922 0.6485993561921296 0.02486817042032878 0.10035858154296876
1 0.6281860987345378 0.41173977322048605 0.026709238688151046 0.07454955489547165
1 0.6691123962402343 0.4186108341923467 0.026945114135742188 0.0727047390407986
1 0.01641977628072103 0.3439559088812934 0.019535688559214275 0.06973628291377315
2 0.17051554190361393 0.4935057943588237 0.021900611640268575 0.09097896964739535
1 0.183831787109375 0.3308596010561342 0.02326223055521647 0.07476580584490741
1 0.011841210722923278 0.7435413501880788 0.023682421445846556 0.10972199616608797
1 0.42281192759999137 0.34175763093652983 0.01909890777026823 0.0629788673196669
1 0.430335711846717 0.34463224229701234 0.024123984391832567 0.06934932628952317
