1 0.34086055755615235 0.40264146592881944 0.031436920166015625 0.11575551916051793
1 0.6147999445597331 0.5722842746310765 0.03499043782552083 0.14800533718532985
1 0.5934519449869791 0.45259450276692703 0.03259232838948568 0.11935470015914351
1 0.13484934171040852 0.3445756700303819 0.026764734586079916 0.10561334115487558
1 0.7769399007161458 0.5874031914605035 0.04265937805175781 0.15831830060040508
1 0.3327620824178059 0.6409957885742188 0.049859046936035156 0.14350608543113427
1 0.3820629437764485 0.5750805324978299 0.03481705983479818 0.15112315990306713
1 0.2688156763712565 0.470743899875217 0.034398921330769855 0.13553009033203126
1 0.4278286616007487 0.40197081389250583 0.027098560333251955 0.11654513323748553
1 0.7705759684244792 0.49484976309317125 0.035693422953287764 0.12648326732494214
1 0.7407876428568139 0.37318501235887275 0.05511129367276538 0.058117161290284075
1 0.4127934137980143 0.4573881926359954 0.035124619801839195 0.12897132590964988
1 0.6999152501424153 0.7209868819625289 0.0489990234375 0.1646609836154514
0 0.45538419087727866 0.31807736997251157 0.014111328125 0.01875398423936632
1 0.42731186608848304 0.760773334196612 0.046066164220653946 0.17299766620500004
1 0.1658872286478678 0.5350489629056385 0.032239834467569985 0.13440053474644872
