1 0.28312594095865884 0.8402954666702835 0.032163143157958984 0.1246620460792824
1 0.36505104700724283 0.5967844645182292 0.02878265380859375 0.0885245994285301
1 0.237345822652181 0.4353547272858796 0.02838904062906901 0.06594207198531539
1 0.3524525006612142 0.35322525589554404 0.0245361328125 0.07324241355613426
1 0.9469746271769205 0.7503583554868345 0.02683868408203125 0.10526077835648148
1 0.7086068471272786 0.5843735306351273 0.03459593454996745 0.08333898473668981
1 0.3090358734130859 0.3218412611219618 0.029741732279459632 0.07470790721752026
1 0.22705548604329429 0.5098385281032985 0.03575886090596517 0.07961677268699363
1 0.1587357838948568 0.35282971417462383 0.0192412535349528 0.06474165739836517
1 0.483763313293457 0.4654935483579283 0.026007143656412757 0.08720361215096933
1 0.8272190093994141 0.33321617974175344 0.02087866465250651 0.07519409744827836
1 0.21402947107950848 0.27360701384367764 0.02207744916280111 0.06008323386863426
1 0.27385059992472327 0.2319268261944806 0.021477588017781577 0.057558723732277196
0 0.41016623179117845 0.5741296838831019 0.010077095031738282 0.017194677282262733
