2 0.3166730244954427 0.6090443929036458 0.030480289459228517 0.13327308937355323
1 0.5814664786169087 0.5945606534368829 0.03030992598425935 0.12463681658513683
1 0.9490508776219024 0.5291695651822753 0.03095882362352864 0.11372585673002748
1 0.6615089416503906 0.4636566444679543 0.023584365844726562 0.1052225183557581
1 0.3539517289118069 0.44550069173177076 0.021166603147369702 0.09582212202467837
1 0.5367983027967308 0.5319071048076871 0.032221824989218634 0.09862628915096422
1 0.43317732674651205 0.5616055895166611 0.02920463015548824 0.1197248105649592
1 0.49331254144097836 0.5187607376663773 0.026852844811687503 0.09784122043185767
1 0.21614611943562828 0.4971154106987848 0.02335987091064453 0.11377829092520254
1 0.19098041852315265 0.5020401566116898 0.027199904123942062 0.10823822021484375
1 0.23810344423984917 0.45797593616155124 0.017869077401649135 0.10301462489580095
1 0.4818909327774851 0.5225234420211228 0.0346215557887361 0.09738537823712376
1 0.26346945809051436 0.4915760439903274 0.028352563050638026 0.08723584856008293
1 0.419368536802877 0.526487011792259 0.022915945493843112 0.10523558279158207
1 0.3218267334840489 0.4295236119939129 0.018400622167948834 0.09882368999287046
1 0.37600607280300624 0.5182451391516992 0.022600204810995825 0.1067776295584667
1 0.5130104264783983 0.5341662371600115 0.023476592467600664 0.09794622350622102
1 0.4032332248356834 0.5270947846956769 0.03141545709955451 0.11047288441415279
1 0.3846990285416835 0.5250983392133705 0.022336932574294824 0.10931866365634683
1 0.2627153752324702 0.4860117778865534 0.016576447561245745 0.08231707697581489
2 0.8350379519975607 0.30734413994683163 0.016275923590542588 0.07358650866551217
0 0.8122699496085033 0.34952110827921684 0.0062185393481401265 0.010107594115072232
1 0.8704577106518145 0.3215672933047202 0.01847794549161658 0.062224876270913304
1 0.26732038664727736 0.4434489784451967 0.012081733590672413 0.06254073858700931
