1 0.3487942377726237 0.3136921070240162 0.022964350382486978 0.08652202464916088
1 0.8908642450968425 0.20852733188205297 0.021388117472330728 0.07624373259367766
1 0.6413854598999024 0.38032509132667824 0.027891794840494796 0.09075382373951099
2 0.7650316874186197 0.28433419686776623 0.02675692240397136 0.08331109506112558
1 0.4786886850992838 0.2301192530879268 0.021686331431070963 0.07456481368453415
1 0.806419563293457 0.2243220435248481 0.0237518310546875 0.08044990256980614
1 0.8452690760294596 0.4423158151132089 0.028595352172851564 0.0932794076425058
1 0.9787612915039062 0.16263261017975986 0.023413785298665366 0.07648655926739728
1 0.5499391555786132 0.5093019838686342 0.025557072957356774 0.10550847936559608
1 0.8215323130289715 0.4535365917064525 0.022529919942220047 0.09175561975549769
1 0.692281977335612 0.22125460306803382 0.019584274291992186 0.0766840899432147
1 0.4444701830546061 0.39053310818142356 0.022791035970052085 0.0888111255787037
1 0.4470898310343425 0.32571337664568867 0.025300979614257812 0.07411552711769387
1 0.630160903930664 0.1962059868706597 0.01923967997233073 0.07584221451370804
2 0.22693316141764325 0.1766400513825593 0.02397446632385254 0.06891165839301215
1 0.11069065729777018 0.18560282389322919 0.024592876434326172 0.0791510264078776
1 0.6176079432169597 0.18524582474320023 0.014888381958007813 0.06684701707628038
1 0.9957192738850911 0.30467325846354165 0.008561452229817709 0.08166659319842302
