1 0.10316906770070393 0.5995458532262731 0.040677706400553376 0.16772376166449654
1 0.4270756403605144 0.5283387925889756 0.03721777598063151 0.15742198802806712
1 0.525089963277181 0.5221457022207755 0.06394077936808268 0.15876043814199942
1 0.46468420028686525 0.5786554407190393 0.06143760681152344 0.16435959427445024
1 0.5662935892740886 0.3983338815194589 0.02944666544596354 0.13019578721788194
1 0.5124834561210542 0.39747494983421816 0.0414127079370921 0.1277825186643852
1 0.30661900838216144 0.39297451443142356 0.039182821909586586 0.1202055189344618
1 0.45393848419189453 0.30210678665726276 0.020584519704182944 0.10847939385308161
1 0.989407516460778 0.42163252653898936 0.021184967078441662 0.13738182915581557
1 0.5963186899820978 0.37102389135222474 0.04141241709391275 0.05426074888011414
1 0.4843230249385864 0.31216317635995366 0.01997846005376792 0.1139733491120515
1 0.5570542973181435 0.3499246791518958 0.032832018156681006 0.11013554114644034
1 0.4182151017727741 0.2971327039930555 0.020293136806828697 0.10974440398039637
0 0.422584726899175 0.2901431151315342 0.009176757441122589 0.01382562326346154
1 0.7554537247840046 0.34253122617021886 0.026848013182589704 0.12062622488500714
