1 0.4888440132141113 0.7664536087601274 0.030026117960611984 0.11272046124493634
1 0.5952519734700521 0.799836222330729 0.037749290466308594 0.12077082881221064
1 0.8347370147705078 0.6320792869285301 0.051321983337402344 0.09772141068070023
1 0.2504563331604004 0.6704092520254631 0.03535768191019694 0.10794553403501156
1 0.9020608266194661 0.6847917344835069 0.023131052652994796 0.11323965567129629
1 0.291767946879069 0.5478633174189814 0.032722155253092446 0.10081510190610532
1 0.669893455505371 0.2968899762188947 0.026404317220052084 0.08189796165183738
1 0.8831606547037759 0.48337232801649305 0.029934565226236984 0.0832672119140625
1 0.8810490290323894 0.36123411390516497 0.02716763814290364 0.08846045600043403
1 0.8666089375813801 0.29291644626193575 0.02068106333414714 0.0822174072265625
1 0.9631711959838869 0.45821603845666947 0.03593610127766927 0.08689332184968171
1 0.17475789388020832 0.6595666956018519 0.0315277894337972 0.11379869249131945
1 0.8515011469523113 0.32450010511610244 0.0319220225016276 0.07367824978298611
2 0.7839118957519531 0.563618751808449 0.021499252319335936 0.10366369176793981
1 0.18900591532389324 0.6780676382559316 0.034543244043986 0.0931442825882523
