1 0.4415225791931152 0.9609389305114746 0.029393577575683595 0.07812206268310547
1 0.07932546868771582 0.4304173946380616 0.01759748011529987 0.0763319206237793
1 0.12318143844604493 0.5088510751724243 0.024468994140625 0.0819170093536377
1 0.36280074119567873 0.6880757474899292 0.026011180877685548 0.09390021324157714
1 0.39644084334373475 0.564497127532959 0.02330824613571167 0.0896145248413086
1 0.02103008189038696 0.48619296073913504 0.015746120477279336 0.08301038742065421
1 0.8097563095168913 0.5554351568222046 0.02567285154727125 0.09231471061706543
1 0.6882998352736057 0.5239753103256224 0.02126295457485798 0.088450345993042
1 0.5053171624320446 0.384554371555171 0.0162466148919288 0.0724048921311513
1 0.9889586029661872 0.7683082263463884 0.02208279406762588 0.11837090492248534
1 0.006846498277243014 0.37673601995622585 0.013692996554486027 0.06192728519439697
1 0.8243954561746528 0.4959607427114392 0.01992721889880359 0.08716325759887696
1 0.15600714206695557 0.978813111782074 0.02765765190124512 0.04162326335906982
1 0.004357711374759674 0.7631975126266479 0.008715422749519348 0.12024603843688965
0 0.49393450363100677 0.4203231890145344 0.007699143954840154 0.011558221048253898
