1 0.06536878282003922 0.6544866704940776 0.03274739873064889 0.1010645580291746
1 0.5143780835707504 0.9089422392861018 0.03631429597051219 0.1189368677107556
1 0.22070672178675046 0.5029281425476066 0.03032800961354102 0.08783351898193356
1 0.7572480656078967 0.5668609356531891 0.02571312558306583 0.08403139114379882
1 0.12236971686361896 0.7413650512695281 0.02655862453728272 0.11172790527343696
1 0.47385474257468047 0.5476961434409879 0.03168365474419137 0.07047788868862381
1 0.4246153182506683 0.5596827745437615 0.03331544981000438 0.09193810462951657
1 0.5498478507995606 0.7463592004776001 0.031732368469238284 0.10978901863098145
2 0.27744027256965637 0.6348339605331421 0.02335642099380493 0.10912554740905761
1 0.5365380668640136 0.6001182126998902 0.02942180633544922 0.10202704429626465
1 0.33450545766691325 0.4855128240585315 0.021933507496914095 0.08756236076354956
1 0.4996940525327306 0.4710214036093586 0.02755122288289743 0.08162273275583068
1 0.08418202474048396 0.43481988430022933 0.01847522849485624 0.08152445793151837
1 0.4006439385141632 0.4142053359137428 0.022456477710093972 0.0820463072034621
1 0.3029511865261657 0.40848510742187405 0.019209257480038443 0.07912445068359356
1 0.6625283842631781 0.6506936322771996 0.02473406895223335 0.10692867279052728
1 0.7293907708576712 0.4185127072394444 0.025283934238896 0.07391396660887155
1 0.6237804400784304 0.5375876653368565 0.030723357486771716 0.0716012833064601
1 0.6085384353092939 0.5240943204485874 0.020926856994628908 0.07337269769088471
1 0.6610631563731136 0.5724867710443378 0.014215699222931559 0.06253015219610505
0 0.41189754804078765 0.5927512827986504 0.008041328130611114 0.013991530742623149
