1 0.4392979621887207 0.698216332329644 0.031435585021972655 0.11642913818359375
1 0.5747288703918457 0.7755595737033419 0.0403684139251709 0.12395206027560764
1 0.23467545509338378 0.606449211968316 0.04337918758392334 0.093994140625
1 0.9097419237438377 0.5395356496175107 0.027713822883723132 0.09686542087131078
1 0.39808480642995403 0.5322848067188225 0.033061849282565045 0.08800119582070948
1 0.8600873947143555 0.42578981187608506 0.027793025970458983 0.08343052334255642
1 0.9468748092651367 0.4417881435818143 0.024401378631591798 0.09833073086208767
2 0.7885254859924317 0.638230217827691 0.04031138420104981 0.10215475294325087
1 0.8851656544969354 0.6520668877495625 0.029977604842892188 0.09334763420952691
1 0.6681891918182373 0.4809798346625434 0.028890419006347656 0.09487631056043837
1 0.2774960994720459 0.45178731282552076 0.02417933940887451 0.09283231099446615
2 0.9347894668579102 0.2972267574734158 0.022160434722900392 0.060760519239637586
0 0.6224152565002441 0.5900584326850044 0.010720157623291015 0.018542819552951388
1 0.400506172285913 0.5128323462951766 0.03218287547494197 0.06558678145570772
