1 0.6722414873959357 0.44402998893694795 0.02925631205240885 0.07379110830801505
1 0.5060615539550781 0.5231634069372106 0.02792526880900065 0.0830371997974537
1 0.7229525248209634 0.3523768107096354 0.025280443827311195 0.058938881202980326
1 0.5579793930053711 0.4987571433738426 0.0258026123046875 0.07834955851236979
1 0.8154931386311849 0.4585976212112992 0.026962089538574218 0.0684804845739294
1 0.1906710942586263 0.42379579897280095 0.027466217676798507 0.059320718270761
1 0.6475480397542319 0.3825606734664352 0.018680381774902343 0.05816000479239005
1 0.8042883555094401 0.5334122269241898 0.02463703155517578 0.0787151195384838
2 0.7827832539876302 0.2713762071397569 0.018079757690429688 0.06942853574399595
2 0.83017578125 0.5504484953703703 0.04000072479248047 0.08561531349464699
0 0.6643711681270714 0.46179025511259425 0.009335482165432153 0.014225496633039257
