1 0.40357634226481115 0.4106547320330584 0.043010616302490236 0.10300897668909144
1 0.6765412648518879 0.9259302209924769 0.040857760111490886 0.1441362734194155
1 0.3269060134887695 0.6063180428964121 0.0324013074239095 0.10761741355613426
1 0.39204718271891276 0.6756887930410879 0.037556393941243486 0.12280375162760417
1 0.5220832824707031 0.4371534559461805 0.03384590148925781 0.09167715001989293
1 0.4618521690368652 0.45156266954210067 0.03053760528564453 0.09728532014069734
1 0.18615808486938476 0.6440941704644096 0.030897188186645507 0.11092631022135419
1 0.8084616978963217 0.3939241762514468 0.03157463073730469 0.0840388545283565
1 0.9757415771484377 0.37941623263888885 0.02894566853841146 0.09377447057653358
1 0.8639993667602538 0.34553293298791954 0.02945200602213542 0.08100868507667824
1 0.740166727701823 0.5831142849392361 0.028245290120442704 0.11302371554904514
1 0.7391314188639323 0.4180803652162905 0.028462537129720054 0.0985369081850405
1 0.6892237981160482 0.3635533933286314 0.025390116373697914 0.0837436252170139
2 0.7225695292154949 0.5168486983687789 0.029802513122558594 0.10503698278356481
1 0.3111013730367025 0.5335957845052084 0.028794733683268226 0.09807366265190973
1 0.5838412701072854 0.3243548923068575 0.02258972879068607 0.07897932264539925
1 0.6788499697004053 0.27194541648582127 0.028198905000230357 0.07475260981806992
1 0.6078671472666902 0.400696026837384 0.025689446409193958 0.09390044035734951
0 0.608674550951783 0.32777427640522666 0.008013538732816045 0.014102516930820092
2 0.6488698072317421 0.24671366391082375 0.025555538116963632 0.06919653397823992
