1 0.3073104858398437 0.5218434086552373 0.029748058319091795 0.10174693354853877
1 0.2583265463511149 0.7179690325701678 0.03228540420532226 0.12090781882957176
1 0.3591604550679525 0.5770649097583912 0.03416220347086588 0.10201670328776041
1 0.39907588958740237 0.6210891158492478 0.038763904571533205 0.11740960015190974
1 0.3653080622355144 0.7282232213903357 0.028322410583496094 0.12299222592954283
1 0.14773921966552736 0.512107679578993 0.03217024803161621 0.10035035875108507
1 0.4248549143473307 0.579582327383536 0.023552258809407547 0.11163725676359953
1 0.3009908676147461 0.6860604745370371 0.03646001815795898 0.10622490776909724
1 0.4832557042439778 0.6334055017541956 0.02803802490234375 0.098309326171875
1 0.5014426231384277 0.7055460611979165 0.029814720153808594 0.11183974654586226
1 0.22178173065185547 0.6346058033130787 0.041611305872599286 0.09568927906177661
1 0.33324553171793625 0.717573716905382 0.030731900533040365 0.1238848085756655
1 0.1961910565694173 0.704510498046875 0.036643393834431964 0.1085912068684896
1 0.6793212254842124 0.5865987141927084 0.041205724080403655 0.04690212673611112
1 0.2150888442993164 0.5611767239040798 0.039635451634724934 0.0883964256004051
1 0.01532692015171051 0.8225410743995948 0.03065384030342102 0.10450682463469327
0 0.6680685625230083 0.6024594164239483 0.00751744369112501 0.01336434433977779
