1 0.3520513437952538 0.4312408351898193 0.02976190324501585 0.09592184066772455
2 0.7621869834924544 0.45897315549228823 0.039799839787640866 0.09921980951973017
1 0.782840550453639 0.35749800205230947 0.023194620887878496 0.08018525123596243
1 0.3916074350152712 0.39006078243255615 0.027297394520850993 0.09057566642761224
1 0.5208518159389496 0.40863982677459715 0.03665320158004761 0.08456717491149902
1 0.4601571083068849 0.6381841897964476 0.030630977902990714 0.11922505378723133
1 0.5872998472870674 0.3367466236695045 0.03598527674235071 0.07051996799967633
1 0.27705937504768374 0.46481105804443357 0.02676981210708618 0.09842475891113281
1 0.6704369781264817 0.41131400108337407 0.02386498408499136 0.10178968429565444
1 0.18140587858469812 0.519387927055359 0.022164250455528837 0.10630408287048336
1 0.3831674518857704 0.5894170032712721 0.02810363845817999 0.12281857753338339
1 0.6448260307312011 0.3488516926765442 0.030222129821777344 0.06412783145904541
1 0.3699849319458008 0.527639379431685 0.028523254394531246 0.09283626570328032
2 0.631814591358759 0.2610265350341794 0.02009411022334805 0.07215625762939451
1 0.16558834433555603 0.4785704946517944 0.025760905742645265 0.10299250602722168
1 0.180885535076676 0.45740614061811546 0.020286941528320314 0.08299469947814941
0 0.5675786322587288 0.36818202569328556 0.00648051789380787 0.012954940812821853
1 0.39846824992181157 0.5916590130064273 0.002224197142509254 0.0015208185589807499
