1 0.5188499289876684 0.5593535105387369 0.02737826988345287 0.117709477742513
2 0.7035255164117389 0.5338027954101563 0.029341829465200527 0.12660579681396483
1 0.36956104573377124 0.4620845158894857 0.02638762784506733 0.11072263717651368
1 0.6835721661391247 0.8387550354003906 0.04236554541129976 0.17427387237548828
1 0.3113118870755269 0.6138032913208008 0.03153357405294021 0.129153315226237
1 0.7411990020537544 0.4810748100280762 0.027411932130049766 0.12120024363199872
1 0.09373543804088298 0.5162209192911784 0.03667864475652261 0.1224171002705892
1 0.5214939519448917 0.821017837524414 0.03973856798658885 0.18523756663004554
1 0.011539125330833417 0.5355658213297526 0.023078250661666834 0.13190323511759441
1 0.6532007436283298 0.5532743453979492 0.03122612910750878 0.12808307011922201
1 0.6313871075453747 0.3853175481160482 0.020583641892015517 0.09290409088134766
1 0.132803986167461 0.441574223836263 0.03785146315706418 0.04971812566121419
1 0.06361108194748746 0.503969955444336 0.027873188885369403 0.12317202885945638
1 0.98718011574667 0.46336069107055666 0.02504728437865925 0.11546033223470052
2 0.3486259026414522 0.34128825999078094 0.03784689728405942 0.11980598527951943
1 0.44239646321995757 0.37710418701171877 0.03247027430657201 0.0898509661356608
1 0.22013043798942478 0.39281724294026693 0.028131543054513687 0.11020135879516602
1 0.7067437987137736 0.38452704747517896 0.023341301732655154 0.08440125783284506
1 0.34376744383899405 0.37125526654985597 0.016642594003392946 0.09104367341816592
