1 0.759950107236308 0.561099886365812 0.03233483632405599 0.0884770146122685
2 0.8690781911214194 0.4742256447120949 0.029066403706868485 0.08966929117838542
1 0.8354756037394204 0.7209004154911749 0.047901153564453125 0.1036670826099537
1 0.9172676722208659 0.3684153804072627 0.021351750691731772 0.08208499484592015
1 0.23084707260131837 0.6118736549660011 0.03294336001078288 0.0852123119212963
1 0.784572728474935 0.6345478199146413 0.0328952153523763 0.09822042959707755
1 0.7307235717773436 0.5544070773654514 0.03855806986490885 0.08784722222222222
1 0.8048564910888671 0.37683308919270836 0.020812034606933594 0.07801149156358507
1 0.8338254292805989 0.5229341295030383 0.025970776875813797 0.081765294958044
1 0.710732396443685 0.4350425720214844 0.02237809499104818 0.08643239339192708
1 0.4935213724772135 0.39207602606879344 0.018914540608723957 0.08144519947193286
1 0.6569020589192708 0.3246261031539352 0.01887976328531901 0.07121757224754051
2 0.7090864817301433 0.19969267668547452 0.019689114888509114 0.06277526572898583
1 0.15706148147583007 0.3936270819769965 0.022728236516316735 0.08853282222041377
1 0.6815107981363931 0.38990834554036463 0.020025889078776046 0.07589987295645255
1 0.5321335156758625 0.4133710790563513 0.01866766611735026 0.08154268617983218
1 0.2553881327311198 0.5908530906394676 0.021954329808553063 0.08182525634765625
1 0.5128725687662761 0.3918290597421151 0.02168051401774089 0.0835995144314236
1 0.9587207158406575 0.5346646909360533 0.02419115702311198 0.09397871229383681
1 0.5212381998697917 0.44976625795717595 0.022899405161539713 0.0866267168963397
0 0.769017092089544 0.6034140124482181 0.007517443691124868 0.01527353638831741
