2 0.6271036783854167 0.4309998971444589 0.01987940470377604 0.07493450023509839
1 0.1189012845357259 0.7734715779622395 0.03050299485524495 0.09832967122395835
1 0.7969238917032878 0.4351033246075665 0.017638015747070312 0.0668813634801794
1 0.7096981048583986 0.5176635177047164 0.01934922536214193 0.08078455041956019
1 0.6896687189737957 0.4113650286639178 0.018727620442708332 0.06678500705295139
1 0.1305699586868286 0.420160816333912 0.024921941757202148 0.06706161499023437
1 0.450329335530599 0.4279659695095486 0.021274344126383463 0.08395781340422453
1 0.8297428131103516 0.28987344812463833 0.016187222798665364 0.059362397370515047
1 0.4992969195048015 0.3992995650679977 0.01869646708170573 0.06965608950014468
1 0.5818311055501302 0.3328406157316985 0.015586662292480468 0.06344745777271411
1 0.6703044255574544 0.3066320913809317 0.01495361328125 0.05534204553674769
1 0.8328900655110677 0.3495843957971644 0.01729297637939453 0.056082294605396404
1 0.2506463686625163 0.5773483841507523 0.020295890172322594 0.08250845449942129
1 0.6505662282307944 0.3576849478262442 0.019738515218098957 0.06203743263527199
1 0.9903409322102864 0.6294986300998264 0.019318199157714842 0.0835344667787905
1 0.8184750874837239 0.3523922390407986 0.016417821248372395 0.06604504055447048
1 0.6885280609130859 0.32677976820203997 0.015746625264485677 0.05143749095775463
2 0.5967568079630534 0.2543808548538773 0.018661117553710936 0.054095148157190395
1 0.637225087483724 0.35452649151837384 0.017708651224772134 0.0598210370099103
1 0.7003257115681966 0.31586880154079866 0.01444117228190104 0.0588033605504919
1 0.62851931254069 0.33477432816116903 0.018833287556966147 0.05277797557689525
1 0.4518510837965122 0.4320758599267934 0.015531908452737643 0.07021408773555039
