1 0.16480895678202312 0.4125895747432003 0.026903883616129557 0.09200193617078993
1 0.41548493703206385 0.33595869276258683 0.02354771296183268 0.08550468727394386
1 0.3300477981567383 0.42420736242223667 0.02679611841837565 0.0933086253978588
1 0.6868679046630859 0.3881046719021268 0.022116661071777344 0.081675946270978
1 0.10473933219909667 0.26556184556749135 0.019351522127787273 0.06713245533130786
1 0.5137296040852865 0.31871462221498836 0.01989301045735677 0.07213855319552952
1 0.30048993428548176 0.29651766176576966 0.02072652180989583 0.07476080435293692
1 0.46128870646158854 0.3053076850043403 0.02089099884033203 0.0757243968822338
1 0.5322065989176432 0.3655481409143519 0.026406574249267577 0.04427351774992766
1 0.23260243733723956 0.34108214201750575 0.027634716033935545 0.07931264241536458
1 0.7852370580037435 0.527741778338397 0.029788335164388016 0.10554673936631945
1 0.5684472401936849 0.29887633147063075 0.02144323984781901 0.0674989488389757
1 0.22086629867553711 0.31494889435944734 0.020885785420735672 0.06956171106409144
2 0.14681220054626465 0.36343287715205447 0.017032941182454426 0.0846830862539786
1 0.6416006088256836 0.34645300971137155 0.04087384541829428 0.03579090259693287
2 0.14716164271036783 0.3634853221752025 0.016669003168741862 0.08469201547128183
