1 0.7027748107910157 0.8119179054542823 0.026842308044433594 0.08881248191550925
1 0.7743216196695965 0.5747713442201967 0.022815895080566407 0.07184346516927083
1 0.3273888905843099 0.4247624432599103 0.020927842458089194 0.06318834092881945
1 0.25617440541585285 0.31981995194046586 0.020796457926432296 0.052573423032407404
1 0.8104316711425781 0.44582106978804975 0.021699269612630204 0.06727215802228009
1 0.5955212910970052 0.3741621229383681 0.019319979349772136 0.05447144684968172
1 0.8225568135579426 0.31848534478081597 0.015476099650065104 0.05957132975260417
1 0.7242739359537761 0.3753800568757233 0.014935493469238281 0.05728751288519965
1 0.44607861836751306 0.34238900078667533 0.017531108856201173 0.059092542860243055
1 0.6010117848714193 0.28899561564127607 0.01996587117513021 0.04224192301432292
1 0.49342873891194666 0.25822488290292245 0.015542984008789062 0.04969089649341725
1 0.44985834757486975 0.5354591652199074 0.017067337036132814 0.07228580050998264
1 0.5636884689331054 0.29947634096498843 0.01675071716308594 0.04993698685257523
1 0.5417275746663411 0.24369043420862269 0.014298439025878906 0.05071409719961661
1 0.6685409545898438 0.2688169973867911 0.013222185770670573 0.04970737033420139
1 0.7631773630777995 0.25844975224247685 0.013313102722167968 0.05173543294270833
1 0.47709347407023117 0.4654887446650752 0.01751391092936198 0.06701465182834201
1 0.2266370455423991 0.2927419026692708 0.019938834508260093 0.047193654378255206
2 0.19850489298502605 0.2745088365342882 0.02157076199849446 0.047075427020037613
2 0.476879628499349 0.4329067088939525 0.017066542307535806 0.0567920826099537
0 0.598289290798906 0.30243505637123513 0.005134515190987514 0.007172021219157294
