1 0.2880304972330729 0.8162172105577257 0.03429857889811198 0.14205367476851852
1 0.808826510111491 0.307494212962963 0.024539311726888016 0.09527884589301214
1 0.4556148529052734 0.6141016077112268 0.025762081146240234 0.11642269558376736
1 0.3410965579089339 0.39061371632487785 0.014442491396504971 0.09284168820169043
1 0.42162485948923284 0.4534062178334824 0.019044478104053967 0.09960802666812428
2 0.3801457342502885 0.4480772608588358 0.02264707419434965 0.0981126562145707
1 0.296024848156335 0.41503845397352634 0.016760956509627545 0.09063783669054835
1 0.8238733927408854 0.42245494701244213 0.02755317687988281 0.09338980780707465
1 0.36512918697428715 0.36517274444516606 0.02311339941203476 0.09272577191515287
1 0.5669813265258842 0.4211355824340947 0.01967350973985137 0.09427779956070685
1 0.5716296529801596 0.4463190809110456 0.028259132360643438 0.09181991380724906
1 0.580578895791092 0.3764401466347258 0.021105045380504693 0.07558338382340349
1 0.5640777883069152 0.382555433507119 0.02690889952315529 0.0790481095628189
1 0.4306279014708494 0.4281227269908958 0.022363279494026545 0.10001407535585471
0 0.5903775580495595 0.4259851840192471 0.007849481823156451 0.01116370748182248
