1 0.4575491587320964 0.6567997685185185 0.048089758555094404 0.15023238570601852
1 0.8626004536946614 0.43265160454644097 0.03036670684814453 0.11874287923177083
1 0.9447846730550131 0.8084467004846644 0.061497624715169265 0.1930739791304977
1 0.744249979654948 0.4275757966218171 0.026858647664388016 0.10712110731336805
1 0.4399649937947591 0.5521546540436921 0.04266697565714519 0.1178413673683449
1 0.7842593510945638 0.7515655517578125 0.03944613138834636 0.1690229062680845
1 0.3882021268208822 0.331425702130353 0.025556437174479165 0.09866474292896411
1 0.14314918518066405 0.4518945764612268 0.028707599639892577 0.12030990035445602
1 0.6102747599283854 0.23365961710611977 0.029411125183105468 0.07197983353226273
1 0.3875370661417643 0.4657865736219618 0.028722667694091798 0.12011908072012442
1 0.5132049878438313 0.32373165554470484 0.023312060038248695 0.09901843600802952
1 0.6424125671386719 0.3292077523690683 0.027057011922200516 0.0928767168963397
1 0.4406402269999186 0.46088861536096637 0.029264958699544274 0.10844853719075521
1 0.4877131779988607 0.3556407504611545 0.02342732747395833 0.09663611518012152
2 0.8292203267415365 0.16798489888509113 0.019728342692057293 0.06807496812608507
1 0.2921585400899251 0.2801628960503473 0.026603380839029953 0.10073620831524885
1 0.49513556162516276 0.2900015936957465 0.020274670918782555 0.08926470721209491
2 0.6270838419596354 0.44170150756835935 0.031596946716308597 0.10738361499927664
0 0.6329209645589193 0.25631855152271416 0.007430712381998699 0.014371151394314236
