1 0.2013747692108155 0.7027799965615955 0.048159122467041036 0.18202720198549535
1 0.5943639051914215 0.39585816383361816 0.02709954500198364 0.1235276985168457
1 0.23806053161621094 0.40649226665496824 0.03919525146484375 0.10392195701599122
1 0.894563844578147 0.2864788722991944 0.02144244745707511 0.1047333335876465
1 0.48770184636116026 0.47239681243896486 0.03287325143814087 0.13784263610839845
1 0.24903587506261904 0.2701602554321292 0.01758083529230561 0.0923696899414062
1 0.04195210612102918 0.4830115270614625 0.03156774354546413 0.14478991508483885
1 0.3778309831368755 0.2998786878585815 0.031003229091133015 0.0923573207855224
1 0.43657982532371803 0.3484155511856081 0.025087648546900074 0.10547070503234872
1 0.5143991338374275 0.35225863456726075 0.022933780980518664 0.10007764816284176
2 0.16906878471374512 0.3750737142562866 0.029606723785400392 0.1184317684173584
1 0.4606934435561556 0.4111333516589577 0.02625773981547296 0.114868802358355
1 0.32260490969157224 0.4283376216888427 0.04058840601968775 0.1178848838806151
1 0.8353169197260313 0.6248971585588002 0.04469817050674987 0.16169533335295136
1 0.845948340268869 0.531184962368557 0.030287330899000202 0.1401655285851622
1 0.32495395732491367 0.38183941841125507 0.036523359764235576 0.10055406570434573
0 0.34604013609259815 0.4479395722582929 0.010608502460718127 0.017243026221865767
