1 0.7891636848449707 0.3929011450873481 0.030403947830200194 0.10982767740885419
1 0.5775535583496093 0.4716637081570096 0.03457684516906738 0.1211580064561632
1 0.6432190895080566 0.5264238993326823 0.03527746200561523 0.12197744581434461
1 0.34216599464416503 0.6247136010064019 0.04133293628692627 0.14344584147135417
1 0.5319121837615967 0.4734041002061632 0.030386829376220705 0.0985831790500217
2 0.6371306419372549 0.6858917713279509 0.037405824661254874 0.1556725713713351
1 0.4522519388449349 0.4752349202652074 0.022436045707136736 0.11052644819299566
1 0.38493709564208983 0.5680605994330512 0.02804408073425293 0.12521192762586805
1 0.4893521308898926 0.568742667304145 0.028639888763427733 0.12652401394314236
1 0.5112885951995849 0.5456192864312066 0.03130626678466797 0.126399654812283
1 0.34657810609452766 0.5472908697873067 0.025439550545770247 0.09493267489477891
1 0.4206252098083496 0.5611360761854383 0.027799415588378906 0.12883504231770834
1 0.4503607749938965 0.5840877109103733 0.048063802719116214 0.051242023044162324
1 0.3327359212334769 0.4705400999893651 0.034235575377110895 0.12202231026161124
1 0.406402789073145 0.5601899976093005 0.027753731642079445 0.12660113067596063
1 0.5026830196380615 0.506462181939019 0.028502178192138673 0.097150633070204
1 0.3408837195544707 0.5077025529036776 0.01700391394417984 0.053938341400274155
1 0.6318616862455076 0.6182382222562249 0.027279006327561178 0.04751629385002794
