1 0.35712738037109376 0.7492133246527777 0.03983437220255534 0.09697226065176505
1 0.15499105453491213 0.28481385972764756 0.030413738886515298 0.07723857738353589
1 0.3485393524169922 0.4425529762550637 0.03036222457885742 0.08522596006040221
1 0.7178461074829103 0.4796756320529514 0.038047536214192705 0.08487599690755208
1 0.4644141515096029 0.2472987139666522 0.02137142817179362 0.07214683250144675
1 0.2333783308664958 0.23283023127803093 0.02478726704915364 0.07690833762839988
1 0.15817866325378416 0.3951936227303964 0.023186047871907547 0.08295355902777776
1 0.7120784759521485 0.3655093440303096 0.022996838887532553 0.08703811080367477
1 0.0806287924448649 0.3973572059913918 0.02399903138478597 0.08223509611906829
1 0.43613993326822914 0.30299281367549186 0.020230833689371744 0.07094480726453993
1 0.6719771067301433 0.45540788438585067 0.03898429870605469 0.08540965892650464
1 0.4326531410217285 0.5057847764756944 0.03840319315592448 0.085002362286603
1 0.6254189173380533 0.23049426608615453 0.0248626708984375 0.06961544178150318
1 0.5852305094401041 0.2923898767541956 0.02448164621988932 0.08474293461552372
1 0.357383664449056 0.3861352143464265 0.022156238555908203 0.08227522108289931
1 0.15000244776407878 0.15747816297743056 0.019129625956217446 0.06640413072374132
1 0.8803164164225259 0.3503942984121817 0.03016376495361328 0.06989079228153935
1 0.4588752110799154 0.13540200127495658 0.021628920237223306 0.06776319433141638
2 0.4017768859863281 0.29651517514829284 0.021691481272379562 0.07008579395435474
1 0.20785696671443918 0.550417911681489 0.03855632146199544 0.08663239655671298
2 0.9505767822265626 0.05937688615587023 0.017991383870442707 0.05708266717416269
1 0.20603523254394532 0.5372894287109375 0.03079361915588379 0.0928497314453125
0 0.6548742138364781 0.4751921733053808 0.012578616352201238 0.013976240391334755
