1 0.6043821716308594 0.4155664110183716 0.021462249755859374 0.05917595863342285
1 0.7052642079053579 0.739079032221003 0.02167301538734856 0.10844709396362288
2 0.617276886290139 0.6362549229285617 0.02352160394660731 0.09758113861083968
1 0.7261577548778103 0.4850986123085015 0.022299890619495555 0.07116196155548084
1 0.8296941506862641 0.7609930562973023 0.03278033018112183 0.10385470390319824
1 0.530180721282959 0.5108186531066895 0.029332923889160156 0.0750710678100586
1 0.14639727115631104 0.8638104438781739 0.02825636863708496 0.11816898345947266
1 0.6695860175681203 0.4026083185418329 0.02182833107469709 0.062430911064147915
1 0.8753383383287853 0.4562706375122071 0.016984939575195312 0.07269798278808594
1 0.9434821620028141 0.6093414567517399 0.020315490992358517 0.09337169647216785
1 0.6292948011295523 0.5291065931320185 0.023333864954416875 0.07887030601501464
1 0.28345683258193 0.660645732602906 0.02050241115837632 0.09777046542085156
1 0.4382110726833341 0.45280707107058804 0.01999743830813269 0.07386310577392581
1 0.31776971175601726 0.6138517404986241 0.01865926084242907 0.08706834793090809
1 0.4569185814816813 0.4487639069557175 0.016411135681654646 0.07102779865264873
1 0.24949164712105137 0.42270910024642894 0.016017875519102595 0.07140180221623449
1 0.9364516259929306 0.575180139541626 0.01812133789062498 0.08361013018657525
1 0.30719693673408016 0.654705912375037 0.019388017400980288 0.09821348190307604
1 0.6126490211486817 0.5656858134269714 0.01867542266845703 0.07526872158050538
2 0.7334966664162313 0.249623111018078 0.01413713567789731 0.05951190471649156
0 0.6701850819873776 0.45178565628702755 0.006645725727777564 0.011060498610769399
