2 0.9047868092854818 0.6041240550853587 0.030731010437011718 0.12858338532624422
1 0.37652931213378904 0.689427806712963 0.03309771219889323 0.12444011546947338
1 0.7888175964355468 0.5321450127495659 0.02651824951171875 0.11627185962818289
1 0.9798617680867513 0.607571863245081 0.03278757731119792 0.13335802996600116
1 0.5879961058752101 0.7318597864221629 0.03234234734135729 0.1378387451171873
1 0.8060249328613281 0.6883283827039929 0.03680375417073568 0.1318174574110243
1 0.47643943277221085 0.5541406176934732 0.03432335612864252 0.10476486752325034
1 0.6502740474656662 0.5355498702437773 0.023053709347503323 0.1170620388454858
1 0.5276819864908855 0.6319142659505208 0.02670456568400065 0.1191427160192419
1 0.5789108276367188 0.5325506139684607 0.027897071838378907 0.11472727457682291
1 0.7470015843709309 0.5201231214735244 0.02251192728678385 0.112366372567636
1 0.8614830017089844 0.5544452808521413 0.02904402414957682 0.11772737856264466
1 0.677506955464681 0.4732853077076099 0.025279871622721353 0.08875113593207465
1 0.6981084778650224 0.5333717063621208 0.02141731767738967 0.1129186559606477
1 0.8253611246744792 0.5837641398111979 0.023669560750325516 0.11510213216145831
1 0.4571173957606875 0.49860778575155756 0.04914813047241502 0.034860368172543066
1 0.8343524205039252 0.5444653222892143 0.01796332743770242 0.11524647718444417
1 0.6962018127518718 0.49963300680208717 0.0255955969039219 0.10616363170378396
