1 0.028733649471736733 0.5440343976220848 0.02906194632992125 0.1098047512148876
1 0.26797844568888346 0.6449925740559895 0.03170611063639323 0.1006045871310764
1 0.9015985942718957 0.7221463803891772 0.04872229433806377 0.1237445972583911
1 0.3251112687473045 0.5061917502052155 0.02439875340781139 0.09593070701316483
2 0.12482909058997446 0.6719092475043402 0.028264131442828334 0.11612108018663186
1 0.6225391955223653 0.6369859483506902 0.03113389213452715 0.09830768726490133
1 0.4446555410567552 0.5651885581039012 0.02451201363164102 0.09495815700954843
1 0.6740678196406701 0.49532865083605665 0.023940849091910122 0.09377111189346753
1 0.5184099696173203 0.556241478369774 0.02499044024703726 0.09845242807482141
1 0.4860416184378403 0.5283759626492376 0.03772112528483073 0.09781138102213544
0 0.487390564664825 0.4213627946424465 0.00996366895163702 0.01867999828373595
