1 0.7360755783412795 0.6323055868317108 0.023850515827497268 0.1039051197193286
1 0.8273345261665521 0.621896357876488 0.021992051425391543 0.10479634602864583
1 0.8841492902285819 0.7252086254568346 0.030453704424883307 0.12384344030309587
1 0.5823188781738281 0.6101988615813078 0.036202494303385416 0.10037248399522569
1 0.2915557150819419 0.6790596944575228 0.02269932310585906 0.11551705819589117
1 0.9049228668212891 0.640680722837095 0.02967662811279297 0.10487518310546876
1 0.8223619822350343 0.4549689771125964 0.025407830086000865 0.07761168303313078
2 0.6089973449707032 0.5870926468460649 0.025181261698404945 0.10188762523509838
1 0.5308949638959798 0.4611828274197049 0.022877387147086595 0.07310432151511861
1 0.2636538835899945 0.5996776439525465 0.019140778371948417 0.10401294849537036
1 0.4922347985098022 0.46641487450614877 0.0371203029929117 0.07214126586914063
1 0.45733822406271585 0.5280772844428818 0.023642761909985634 0.08505192509403937
1 0.5240578945024374 0.5490109611831743 0.02874962049842956 0.07947591145833341
1 0.6318224589029948 0.502603601526331 0.025747299194335938 0.08953668099862558
1 0.5983969370524088 0.5148386637369792 0.022305870056152345 0.06608412000868055
1 0.1662744136235317 0.4770017875791781 0.020792452282016538 0.0655183660112254
1 0.4197699696265625 0.5185955382898727 0.02653477986653646 0.0774807400173611
2 0.7344319632445463 0.3451188927698315 0.016154812378339666 0.056951204785616036
1 0.3674324316173056 0.545868932746282 0.01481203072289195 0.09297010633680552
1 0.42582480112711585 0.5067559701425057 0.017120520273844402 0.0770840115017361
0 0.5370069312892916 0.5710801718654932 0.007818189542040983 0.010972897602864507
