1 0.9238473892211914 0.5383950692635996 0.05824877421061198 0.13053515398943866
1 0.8949043343909396 0.7111354686595774 0.04668196232163669 0.14808225278501158
1 0.6987908681233725 0.5269013581452547 0.04713490804036458 0.1382320827907986
1 0.2819960912068685 0.5576075801142939 0.03880750338236491 0.14459381103515626
1 0.5255649248758952 0.6419381600839119 0.03818213144938151 0.14333467836733219
1 0.5798664728800456 0.4564761691623264 0.04149500528971353 0.12405666775173611
1 0.6170225779215496 0.6236703378182871 0.037699190775553386 0.13661007351345486
1 0.5782974243164062 0.6749267578125 0.05044473012288411 0.14833504005714698
1 0.6796055943669735 0.6377798948239706 0.032031092861919984 0.13130483675804053
1 0.5491458892822265 0.5779643306025752 0.03632520039876302 0.1471790455005787
1 0.5300932566324871 0.49698333740234374 0.04557224909464518 0.11825106585467303
1 0.6371960148235065 0.7173251362443707 0.0598734862041818 0.11670839651849428
0 0.6390730539957683 0.3844390021430122 0.014816919962565102 0.03071848551432292
1 0.6530657395582175 0.8071848231046357 0.039651575696404644 0.15637293201331676
1 0.5454156500056296 0.54005827921544 0.020502119157613838 0.07463205280655161
