1 0.5192990585537288 0.6440610930141659 0.023750774934201826 0.10711955840164239
1 0.4850264549255371 0.6091020372178819 0.025459607442220047 0.10045386420355903
1 0.572119140625 0.6210348623770254 0.024621009826660156 0.10309199580439815
1 0.3758415857950846 0.5267158790870949 0.023108386993408205 0.08179615162037036
1 0.547298685709633 0.5875032965747072 0.020237350463867182 0.10542858751464297
1 0.18330837885538734 0.5232794867621527 0.020873022079467774 0.07834399188006366
1 0.6357226053873698 0.6540459526909723 0.022778002421061195 0.08330716733579284
1 0.006344805657863617 0.6943133318865741 0.012689611315727234 0.11497604935257524
1 0.6844657961146765 0.6275224952384744 0.02489922803319087 0.09359341691237458
2 0.08940795262654622 0.5966825132016782 0.025343918800354005 0.101654052734375
1 0.5104978561401368 0.5658163565176505 0.024130916595458983 0.08361155192057292
0 0.2899954706808213 0.18872208135092403 0.007715274516885984 0.014205902285059935
1 0.28176068498336365 0.44197526975169427 0.01449149984388802 0.07213546588957594
1 0.5952731440208168 0.5988027196927663 0.023546617032053824 0.09440913117343878
1 0.6057939729074802 0.5996933718736485 0.021041657773325468 0.09084652244991304
1 0.6532629508603975 0.6664922854397609 0.026302072216657903 0.08283065282197938
1 0.6478772884541304 0.6057052740945985 0.025550584439038036 0.05922837002861975
1 0.6659129951169814 0.621959676395686 0.027554551846021413 0.09529978335432049
1 0.6923403152965747 0.610158534999006 0.020791161847452458 0.0886198919977091
1 0.5165673241115453 0.5896223223383307 0.013336403093474232 0.03933565356863142
