1 0.7700206756591796 0.6596735071252893 0.028512446085611976 0.10908140959563078
1 0.5987992604573568 0.4922958939163773 0.0279449462890625 0.1002471923828125
1 0.4245079676310221 0.40156829268844035 0.026903629302978516 0.08463784677010995
1 0.35534547170003256 0.459769524468316 0.024835491180419923 0.08369691636827258
1 0.43777243296305335 0.5911166720920139 0.0336054801940918 0.08590059633608217
1 0.6935487111409505 0.5917017053674768 0.030473963419596354 0.09806428132233797
1 0.17964245478312177 0.4257971304434317 0.03003072738647461 0.07777300234194155
1 0.7368631998697918 0.5790532995153356 0.03055680592854818 0.09730445014105901
1 0.10787328084309897 0.7681802255135994 0.052408885955810544 0.12935028076171876
1 0.8218206405639649 0.6358466254340278 0.02316538492838542 0.1075145580150463
1 0.24693044026692712 0.43364715576171875 0.022057326634724938 0.08680931373878761
2 0.2026988983154297 0.4826574820059317 0.024925597508748374 0.09574731897424767
1 0.31999594370524087 0.4385391800491898 0.03668209711710612 0.07519248679832176
1 0.29617557525634763 0.4251553570782696 0.02170734405517578 0.08279551753291377
1 0.2902565002441406 0.36633057770905675 0.022683238983154295 0.07557098953812211
1 0.8500047047932943 0.5292942188404224 0.02354456583658854 0.09312359845196759
0 0.2983490566037736 0.46401118099231303 0.0070754716981131695 0.013976240391334755
