1 0.1562524159749349 0.8655941433376736 0.03358416557312012 0.12191359908492477
1 0.26081307729085285 0.9536252622251158 0.04161491394042969 0.09274941903573496
1 0.10346689224243164 0.3616911146375868 0.030110788345336915 0.08282518740053531
1 0.27551984786987305 0.6745611120153356 0.032096115748087566 0.10737299036096644
1 0.1105184555053711 0.4533305132830584 0.03309297561645508 0.09689257586443865
1 0.5570691426595051 0.5765879313151041 0.026583989461263016 0.09739215992115162
1 0.42756293614705404 0.4954112300166378 0.02722644805908203 0.10205719559280961
1 0.4454110781351725 0.5353100811993634 0.023738225301106766 0.09636789957682292
1 0.5310509363810221 0.5453070746527778 0.03502105077107747 0.10393738923249421
1 0.08297282059987385 0.5540451614945023 0.0318085511525472 0.10523947256582755
1 0.39694264729817713 0.4734341656720197 0.02737595240275065 0.1021903709129051
1 0.44872659047444663 0.48680001718026616 0.02928682963053385 0.08086762604890047
1 0.4484633127848307 0.5078167385525173 0.029886245727539062 0.12067611129195602
0 0.6533021552725845 0.2922157085362506 0.01342400659129467 0.013364344339777751
1 0.6492749532951951 0.4406553903102101 0.047252503201357016 0.060139549528999144
1 0.40468955320180716 0.43874619826166866 0.04134594030118593 0.09068662230563412
