1 0.3970522880554199 0.8360160545066551 0.04675890604654948 0.10790224428530093
1 0.7233736038208007 0.587246365017361 0.027429835001627604 0.10216985631872105
1 0.11067803700764975 0.8428035029658565 0.04274295965830485 0.12001077157479745
1 0.540924326578776 0.8591947202329283 0.035305213928222653 0.1227874755859375
1 0.2189470926920573 0.6158121179651331 0.03367074330647787 0.1070437961154514
1 0.8947684605916341 0.6822282579210069 0.033953348795572914 0.11514960394965276
1 0.25892922083536785 0.3600381356698496 0.030629046758015952 0.07748935840747974
1 0.41875171661376953 0.5246480305989583 0.03433316548665365 0.08780867965133102
1 0.6489860534667968 0.4045000429506655 0.023456891377766922 0.07522882532190393
1 0.07776740392049154 0.5130077220775463 0.03529297908147176 0.08948338826497397
1 0.15825109481811522 0.43332926432291663 0.03126201629638672 0.08267926816587094
1 0.6134761810302735 0.26347560176142937 0.028850364685058593 0.056965948034215855
1 0.8005668640136718 0.3102767944335938 0.02781391143798828 0.07343193336769387
1 0.40331325531005857 0.3031394675925926 0.030702431996663407 0.06703505339445891
1 0.9427287419637045 0.4925977918836806 0.034482320149739586 0.09226102475766783
1 0.9798179626464842 0.8301075122974537 0.03759848276774089 0.11431884765625
2 0.4485948244730632 0.5028806333188658 0.02730337778727214 0.09333264386212385
2 0.17409130732218425 0.1896702801739728 0.01878525416056315 0.06453742980957031
1 0.9892549514770507 0.9081717031973379 0.02002779642740886 0.13615377920645255
1 0.9906503677368164 0.46595690691912617 0.01757837931315104 0.0892841480396412
2 0.448939323425293 0.503782484266493 0.027790705362955734 0.09470036824544271
0 0.4145745035099431 0.32793811182462945 0.008431607445771903 0.013411679679824217
