1 0.786987214712006 0.5120909266376752 0.029949164812413942 0.11619200744518889
1 0.4891785959472152 0.3642267114095412 0.028990784466693967 0.08343172426576966
2 0.8661094665527344 0.6262532552083333 0.029640007019042968 0.1326011375144676
1 0.12666035493214925 0.7971726594147859 0.03876512845357259 0.14245673285590277
1 0.5456544240315755 0.6529799849898726 0.03249073028564453 0.11263393825954861
1 0.9079273859659831 0.40392439100477423 0.024727757771809897 0.0932087085865162
1 0.7994644931966052 0.35216149224175264 0.02114656361948376 0.08179247820818833
1 0.36667277018229166 0.713711886935764 0.03468879063924154 0.13551228841145832
1 0.5237322329919404 0.5215691163952934 0.03689425954724738 0.09256246781662318
1 0.7426462809244793 0.36108511465567134 0.022103627522786454 0.0881039372196904
1 0.3725449879964193 0.5953422263816551 0.02705361048380534 0.11958465576171876
1 0.70019558558553 0.7000408170107589 0.04197494663647135 0.11946336276716477
1 0.6891019336465845 0.3825324114083962 0.023313522338867097 0.0910475594255859
1 0.7054134511558812 0.4047913699976147 0.02427239580863722 0.09601559678248224
1 0.6587756474812827 0.4165419380481575 0.02174886067708329 0.09712021868450141
1 0.5556252153242365 0.45038452298116094 0.03351109025085302 0.10710057285039949
1 0.9874399820963541 0.566824284306279 0.025120035807291666 0.12729887785734953
1 0.6433561920980827 0.4140198531714816 0.024115053812662757 0.09022578486689815
1 0.13709686597188314 0.4364643238208912 0.02705974578857422 0.10172675803855613
0 0.6683611551920572 0.7482387401439524 0.010334459940592448 0.017408469871238424
1 0.5716533022006999 0.4404516304221962 0.015891109115977017 0.10463285642294981
1 0.6889108624159204 0.4054766436914485 0.022519429524739478 0.07938457889169631
