1 0.7021224975585938 0.5658529776114005 0.0334597905476888 0.1045236658166956
1 0.46493412653605143 0.49585899070457173 0.019455782572428384 0.09120005854853877
1 0.8392548878987631 0.45984109949182583 0.026476287841796876 0.08228460241247108
1 0.43127454121907555 0.42567008689597796 0.025716304779052734 0.07635291770652489
1 0.5531355539957683 0.35379827993887436 0.022821998596191405 0.06234582971643519
1 0.2677419344584147 0.42137513337311916 0.024311176935831704 0.07423881248191551
1 0.20252747535705568 0.5245655201099537 0.026416301727294922 0.09260722972728588
1 0.4439930280049642 0.5863605640552663 0.032807350158691406 0.10281355116102431
1 0.3416862487792969 0.41871806957103586 0.021472930908203125 0.07082270869502315
1 0.936127726236979 0.38027908890335643 0.02153186798095703 0.06933856540256077
1 0.12263363997141521 0.5067355120623553 0.020666758219401046 0.0850341796875
2 0.6150990168253581 0.5225721571180556 0.023645401000976562 0.09441098813657406
1 0.8415219624837239 0.33432481553819443 0.018553988138834635 0.058496658890335645
1 0.39786275227864587 0.4653693305121528 0.02507772445678711 0.09564774124710648
2 0.47255452473958337 0.2818070588288484 0.016717274983723957 0.04967515733506945
1 0.2557454427083333 0.4467099790219908 0.029032278060913085 0.07417486685293692
1 0.3790650049845378 0.441217945240162 0.02512083053588867 0.06514937789351852
0 0.38522012578616355 0.4039133473095737 0.007861635220125791 0.013976240391334684
