1 0.9154169082641601 0.47413149233217594 0.035532379150390626 0.12361557571976273
1 0.7248691558837891 0.5311990243417245 0.03650792439778646 0.1490672641330295
1 0.8356620788574218 0.5742125899703414 0.04373455047607422 0.16065244321469907
1 0.9573951085408529 0.5352799027054398 0.040317535400390625 0.14288273564091436
1 0.4500130335489909 0.5169270833333334 0.0328375498453776 0.1124759250217014
1 0.9013585408528647 0.7929183394820604 0.045082028706868484 0.19536596227575231
1 0.18181964556376137 0.6000690036349825 0.0629948616027832 0.07011164912471064
1 0.571181488037109 0.43670562488228 0.029540379842122367 0.11950449007195556
1 0.491671371459961 0.42315625791196465 0.024821058909098307 0.10726177074291086
1 0.2737418408663767 0.582557960792824 0.09253769010867713 0.0467267636899595
