1 0.7023457845052082 0.8660115559895835 0.04589926401774089 0.12740484167028357
1 0.532923412322998 0.619573974609375 0.030028343200683594 0.0953521728515625
1 0.6508753458658855 0.7463922571252894 0.036101977030436196 0.1030763414171007
1 0.34343852996826174 0.4486446804470486 0.028992875417073568 0.08437282420970775
1 0.03169292211532593 0.5400772659866898 0.03296762506167094 0.10523704246238426
1 0.027025502920150758 0.71918295401114 0.02836966117223104 0.12426249186197919
1 0.39631195068359376 0.5258965951425058 0.02753438949584961 0.08773973253038195
2 0.9504604339599609 0.8373443603515625 0.042552757263183597 0.11758948432074653
1 0.27027324040730794 0.43633767587167244 0.02800962130228678 0.0909732394748264
1 0.0736196517944336 0.7498690004701968 0.035335854689280195 0.12434528492115161
1 0.17548761367797852 0.4612926907009549 0.025214831034342453 0.09036800243236401
1 0.20238784154256184 0.3718432956271701 0.026131439208984374 0.08513754385489004
1 0.15302035013834636 0.3843821207682292 0.02605428695678711 0.08800297489872685
1 0.24794090588887532 0.48997932716652204 0.02477544148763021 0.08722929777922454
1 0.20920979181925456 0.554017017505787 0.028589614232381187 0.09686578821252895
1 0.4307703336079915 0.3502402128996673 0.021370061238606772 0.08389564796730324
1 0.2274133364359538 0.4051698472764757 0.024333937962849935 0.09519514860930264
1 0.24256777763366696 0.39404395774558737 0.01728026072184245 0.08544865360966435
1 0.7580239613850911 0.82357177734375 0.04724693298339844 0.10794988561559608
1 0.7303580602010092 0.8058598271122687 0.030942662556966146 0.10531994854962384
0 0.776843770345052 0.8652535897714121 0.01575133005777995 0.026158820258246528
