1 0.4677468935648601 0.6619059244791665 0.032721519470214844 0.09338661476417824
1 0.7818209330240886 0.6131153247974537 0.026648648579915366 0.091938555682147
1 0.6069123586018881 0.5590071501555266 0.03511676788330078 0.08729270652488426
1 0.3333932876586914 0.4928018075448496 0.027792072296142577 0.08133002387152778
1 0.5261794090270996 0.5393640588831018 0.033890851338704425 0.08338532624421297
1 0.6538019180297852 0.5124567102502894 0.03023020426432292 0.08612306382921008
1 0.34929844538370763 0.6410868891963253 0.0293603261311849 0.10137543854890047
1 0.42760543823242186 0.6554021764684606 0.029053878784179688 0.09065161810980901
1 0.8517922083536784 0.5135556256329572 0.025264739990234375 0.08162547923900464
1 0.47527650197347 0.5630680790653936 0.03187115987141927 0.08541598849826389
1 0.644565200805664 0.6192528618706598 0.022281328837076828 0.10598794442635995
1 0.500863488515218 0.5528637921368634 0.023064931233723954 0.0939624927662037
1 0.8252515157063803 0.4559955173068576 0.02698345184326172 0.06588595354998553
1 0.4133798599243164 0.5874532063802083 0.021310901641845702 0.09242644133391203
2 0.8679334640502929 0.3264076515480324 0.02342732747395833 0.06513694480613426
1 0.4841383616129557 0.525431541160301 0.016808827718098957 0.08068988941333911
1 0.4276629765828451 0.5846016212745949 0.02202262878417969 0.08565871627242477
2 0.6680167516072593 0.6350845902054397 0.022478103637695312 0.10117950439453124
1 0.8118855794270833 0.4214953104654948 0.018581581115722657 0.06656731499565972
1 0.4752331733703613 0.5234659265588831 0.015363693237304688 0.07829375090422454
0 0.4268867924528302 0.5241090146750524 0.011006289308176065 0.013976240391334684
