2 0.49958080967438667 0.9243363295683923 0.03886349916458131 0.08913204333334229
1 0.5100590765407952 0.6365677636948874 0.017999247169470687 0.07418689375379647
1 0.39926675552301943 0.6090410381816779 0.017446128920135938 0.0740514813286376
1 0.7398141464846306 0.474052606803647 0.0197794254438814 0.056197443008422845
1 0.14822740137705556 0.704051079750061 0.021285351512246288 0.0910786914825439
1 0.12143328666687006 0.463131878376007 0.014659019302702539 0.07302347660064691
1 0.43906419694423604 0.3083841954442764 0.016369055509567246 0.05447072768749732
1 0.294849739074707 0.43598387002944944 0.01757183074951172 0.060422940254211424
1 0.49519503077098825 0.5596165966987596 0.020110491371130683 0.07419988874103593
1 0.49604461099076746 0.3952190293100574 0.014263693210018653 0.058530764579772965
1 0.270324895582323 0.46668480183886246 0.017589601278305052 0.06710801124572754
2 0.3199437522888184 0.41729230642318726 0.01479339599609375 0.06224780559539795
1 0.41736260626658045 0.5059606456756591 0.015733718872070312 0.07159605026245117
1 0.21914684672936213 0.3643136739730835 0.021779487526107172 0.05932238578796385
1 0.47496710406712817 0.38546303987503067 0.01110129459920578 0.06049906253814692
1 0.2807662612161233 0.4964928340911867 0.016217733613887408 0.06290235519409182
1 0.4847394936561453 0.4645219573794146 0.013672736222407045 0.06501441423953357
1 0.4879835965837608 0.4981695226638272 0.014737129211425776 0.06809883967813794
0 0.3489276903419094 0.435739082529164 0.006330407251757471 0.017033167860584574
1 0.28712213493068584 0.4726671100045861 0.017634913181453663 0.05437431564281546
