1 0.9528865814208984 0.5415503607855903 0.04320608774820964 0.10939856635199653
1 0.7315760294596355 0.49887910065827545 0.04660078684488932 0.11375831321433738
1 0.8254511515299479 0.5693357114438657 0.03752943674723307 0.11737111409505209
1 0.511118761698405 0.4468445671929253 0.0359045664469401 0.11107680709273726
1 0.7814407348632811 0.4431421350549769 0.03882662455240885 0.10359697695131655
1 0.5381975173950195 0.3972471166540075 0.03176434834798177 0.09533222339771412
2 0.6977849324544271 0.1738427056206597 0.038917223612467446 0.08629336886935764
1 0.9853127797444661 0.3192524172225088 0.029374440511067704 0.10681279500325519
0 0.4977811559353229 0.4314662381231642 0.008471950065129756 0.012909638194482993
1 0.9858490566037736 0.32424877707896577 0.0235849056603773 0.08385744234800839
