1 0.6706375122070313 0.8191253662109375 0.03004964192708333 0.11156452320240164
1 0.5287359873453776 0.6202570032190393 0.03554938634236653 0.08990065963179977
1 0.5909141540527344 0.5265090942382813 0.03141466776529948 0.07957967122395833
1 0.3030649185180664 0.546566715946904 0.03419958750406901 0.08205442075376157
1 0.16289526621500652 0.5371677539966724 0.028196048736572266 0.08703466344762731
1 0.35337257385253906 0.4007018195258247 0.023561573028564452 0.06642930772569444
1 0.10632368723551432 0.35839097764756944 0.021890640258789062 0.06086278844762732
1 0.30735352834065754 0.453685873526114 0.025854428609212235 0.069224774395978
1 0.2005353291829427 0.4445735224971065 0.02409850756327311 0.07645142166702835
1 0.5474657694498698 0.509786535192419 0.019794654846191407 0.09008574309172454
1 0.2589083194732666 0.48258949562355324 0.02267433802286784 0.07791403311270255
1 0.448168436686198 0.4380732218424479 0.02118660608927409 0.06497361924913195
1 0.5701646169026693 0.5018368756329572 0.025215466817220047 0.06506799768518519
1 0.4146313349405924 0.393259769015842 0.031172529856363932 0.061020632143373846
1 0.8395759582519531 0.47123396131727424 0.024511845906575524 0.08095578794126157
1 0.055366480350494386 0.4708228217230902 0.020385940869649247 0.07652497468171296
1 0.3304793039957682 0.4599344324182581 0.03350470860799153 0.07245039763274017
0 0.34429375330607104 0.4887092872902199 0.010300636291503906 0.014297767921730325
2 0.06096965381934208 0.500499188458478 0.03314804416032707 0.08685867874710648
