1 0.28721288045247395 0.7024996157045718 0.024554220835367836 0.10495486789279514
1 0.25912639300028484 0.9205342610677084 0.032504940032958986 0.12814370614510995
1 0.6974520365397134 0.7195478651258681 0.030186335245768234 0.11122159604673032
1 0.19126722017923992 0.9281455711082175 0.045272572835286455 0.13154319480613427
1 0.7420258204142253 0.5151210643627026 0.02717412312825521 0.0935439215766059
1 0.48016916910807295 0.5181594283492477 0.02449204126993815 0.0860431812427662
1 0.8156649271647136 0.5083534523292824 0.020572026570638016 0.09401332713939524
1 0.5075188636779785 0.5328934280960648 0.021396001180013016 0.08866345440899885
1 0.6162305196126302 0.27536852801287615 0.022854105631510416 0.06526735093858507
1 0.8761795043945313 0.7141664858217592 0.033781242370605466 0.10227418122468171
1 0.22841010093688965 0.7326921251085069 0.025486787160237626 0.11064249674479167
1 0.4133459091186523 0.32064152470341434 0.017816543579101562 0.07151743570963541
2 0.2580991268157959 0.6762800428602431 0.027207469940185545 0.10637297453703703
2 0.9779005686442058 0.6679750795717593 0.023258209228515625 0.0998395566587095
0 0.8641490532960987 0.6750087142684563 0.012887046327642936 0.022910304582476185
