1 0.32047643661499026 0.7123806285858154 0.048259735107421875 0.13515172958374022
1 0.4410816764831543 0.5610639905929565 0.04041919708251953 0.10041876792907715
1 0.5128474938869476 0.5376382875442505 0.031598918437957764 0.09968544960021973
1 0.11588718414306641 0.618429160118103 0.044695377349853516 0.12017245292663574
1 0.5631002175807953 0.5455919218063354 0.028365581035614013 0.10235968589782715
1 0.7337502196825383 0.6146139335632317 0.029682446201014904 0.11440311431884762
1 0.15269439458847045 0.5054948377609253 0.03485776424407959 0.08195075035095215
1 0.6133811378479004 0.5567202472686767 0.02974567413330078 0.10986040115356445
1 0.8471927734815218 0.6338014427067108 0.03897528201044209 0.11375741828235095
1 0.23786800384521484 0.4994636631011963 0.02702045440673828 0.0898233985900879
1 0.15903401374816895 0.6094691324234008 0.03481483459472656 0.1078954029083252
1 0.4694051742553711 0.6623216247558594 0.04019317626953125 0.1299919891357422
1 0.6768732011318207 0.585747618675232 0.032308261394500735 0.10623576164245606
1 0.03627715262716072 0.5082238106270073 0.026304402351379395 0.09465215682983398
2 0.18140532493591308 0.5484456777572632 0.028184795379638673 0.093760404586792
1 0.05362820701273807 0.4649244785308838 0.024075651168823244 0.07918596267700195
1 0.6524921798706055 0.5791694571769572 0.02902984619140625 0.11789765357971191
1 0.07458536042597816 0.45623729186129375 0.028603315353393544 0.07351322173543424
1 0.8439512240886653 0.5208653870596845 0.041823572797108965 0.09333419280387951
0 0.5178212103852602 0.28662498625543553 0.009108942759015193 0.016598517916427937
