1 0.5239389101664227 0.5759630090188544 0.04238745371500651 0.12266231677541142
1 0.022311832507451376 0.35999591968677663 0.03378279606501262 0.09902903238932291
1 0.079607089360555 0.40996975368923616 0.03358607689539592 0.10511166607892072
1 0.5675356630458568 0.36417431054368044 0.028543597043581413 0.09209137737978734
1 0.5573935267192927 0.5703105988845465 0.042131884269472994 0.1113455155316766
1 0.3784132321675618 0.5153601752387152 0.039822896321614586 0.12916977493851273
1 0.032719031969706214 0.5917804859302662 0.03233344554901123 0.15109665482132523
1 0.4046252568562826 0.4522992734555845 0.02958192825317383 0.10504413180881077
1 0.777398935953776 0.5685092502170139 0.03303171793619792 0.12956989429615162
1 0.3323534647623698 0.5658774481879341 0.0338404655456543 0.1344429298683449
1 0.2974772771199544 0.4541264851888021 0.047493616739908845 0.09686559041341146
1 0.8548109690348307 0.6249793158637152 0.039933268229166666 0.11498006184895831
1 0.32159029642740883 0.549794288917824 0.029830773671468094 0.13209251121238427
2 0.012059714396794636 0.5711234763816551 0.023699641227722168 0.1318817138671875
1 0.3135404904683431 0.405103443287037 0.028280893961588546 0.09458880954318577
0 0.5222881241348122 0.6189010582461311 0.01047072970148811 0.018614630580423324
1 0.3102332818444791 0.3955660967415493 0.01735936766299327 0.04310756555466457
