1 0.6241832097371419 0.7156914605034721 0.03255526224772135 0.11648508707682291
1 0.5665676116943359 0.7843296757450812 0.032573699951171875 0.11850953278718171
1 0.7130224227905273 0.7913773148148148 0.04446830749511719 0.12295588740596065
1 0.5258783022562662 0.7607498734085647 0.03486092885335287 0.10675314444082755
1 0.8759784698486328 0.6966163917824075 0.03443145751953125 0.11289825439453124
1 0.6106751759847006 0.6192165233470776 0.029009310404459632 0.10504772044994214
1 0.6455177307128906 0.5862436930338543 0.038050333658854164 0.10563631410951968
1 0.9547433217366535 0.9377540305808739 0.03752880096435547 0.12449193883825231
1 0.8372166315714519 0.6841170699508102 0.03876012166341146 0.11616499159071181
1 0.4788915316263834 0.5929298683449074 0.03534825642903646 0.04639943440755209
2 0.7965648651123047 0.7388466729058158 0.04410762786865234 0.11905867965133102
1 0.8567501068115234 0.6345702559859664 0.02357590993245443 0.1082938865379051
1 0.8566626734218786 0.6103723074350448 0.023963515898509372 0.06074701972626251
