2 0.9755982716878256 0.8105647334346066 0.03239459991455078 0.1295498318142361
1 0.9669680277506509 0.5668620921947338 0.028237215677897134 0.10597607647931134
1 0.5884089152018229 0.5850688793041088 0.048084958394368486 0.0990438390661169
1 0.7481536865234376 0.5980328595196759 0.03673871358235677 0.10964666295934605
1 0.36099987030029296 0.7541355839482061 0.029892826080322267 0.1177692554615162
1 0.44404001235961915 0.7196696528682003 0.03700860341389974 0.10533119484230324
1 0.7867168426513672 0.7401413529007523 0.030330657958984375 0.12607190167462384
1 0.43390541076660155 0.640778379087095 0.029556433359781906 0.11565370912905093
1 0.8900936762491862 0.542156982421875 0.02795575459798177 0.10846755416304976
1 0.6869714101155598 0.6274609601056134 0.03966331481933594 0.10258003517433449
1 0.7316851298014322 0.686212158203125 0.03438612620035807 0.12122051097728588
1 0.6354651133219401 0.6526817604347511 0.02771294911702474 0.1196464256004051
2 0.9143096923828125 0.24125479239004632 0.02636998494466146 0.08414495962637442
1 0.3115759531656901 0.9472368028428819 0.03431914647420247 0.1055263943142361
1 0.6990720748901369 0.4786924008969908 0.02704022725423177 0.10656927603262442
1 0.6289230982462566 0.5784746523256655 0.02634493509928386 0.0879985668041088
1 0.6520683288574218 0.7146013047960069 0.028080622355143234 0.11381332962601273
1 0.1885882059733073 0.5099990279586227 0.030830748875935874 0.05981032760054976
0 0.21762851974557618 0.5075067947973746 0.01935650336290756 0.01700335981682862
