1 0.9714101155598958 0.794699040165654 0.03425642649332682 0.12857654712818287
1 0.4533929306590675 0.672791318540221 0.02619859431100926 0.10167309796368613
1 0.5902663548787435 0.5369990596064814 0.027749379475911454 0.07900254991319444
1 0.4480324427286784 0.5003116183810764 0.029601446787516274 0.07387031272605614
1 0.2606662114461263 0.6532784921151621 0.02506117820739746 0.09862303557219329
1 0.7143875757853189 0.4878284030490452 0.022596359252929688 0.07863642374674479
1 0.8858733495076497 0.49961010968243635 0.026714579264322916 0.08180347018771701
1 0.4009378751118978 0.6622559724030671 0.030040105183919266 0.08680465133101851
1 0.8880162556966146 0.6307055438006366 0.023786163330078124 0.09748241283275463
1 0.6649003346761068 0.5693291558159722 0.02455425262451172 0.0861451890733507
1 0.09004791577657065 0.7250845449942129 0.025163809458414718 0.11116400824652778
2 0.6730700174967449 0.679310890480324 0.02384230295817057 0.10656173140914352
2 0.9540449778238931 0.3713624459725839 0.01943206787109375 0.06671289514612269
1 0.38324578603108717 0.6781331380208333 0.025194390614827474 0.09427541097005208
1 0.5002533594767252 0.6119988335503472 0.027409235636393234 0.08438991970486111
1 0.6735844723984346 0.4933757818204187 0.017037762514216105 0.07707510733740704
1 0.48509486516316735 0.6048337583188658 0.023178418477376297 0.07619691071686921
1 0.6675896638910602 0.506706359249278 0.024176596458877736 0.07380063092267104
0 0.46836604393137826 0.659828526622261 0.007185867691184099 0.012470712183642405
