1 0.7111511492729187 0.6123514032363891 0.032742056846618656 0.1190075397491455
1 0.5614176750183105 0.6895937967300415 0.030344200134277344 0.12817959785461425
1 0.0934949652115982 0.523528380393981 0.030567099300924792 0.10892436027526851
1 0.2137581690414227 0.7303449869155872 0.03416554584712483 0.1377525043487548
1 0.7946715676784515 0.7972839069366455 0.036179225444793704 0.1542673683166504
1 0.6860236871242523 0.3751295232772827 0.025860087871551515 0.08035380363464356
1 0.39605457190938653 0.6024178778060698 0.03035360089405659 0.1155869457976932
1 0.43084058542170267 0.5455403566360466 0.019432725146685762 0.0942737674713135
1 0.44944309124905873 0.3504281806945795 0.0337958109701127 0.07552490234374995
1 0.4978427003637602 0.5383952856063847 0.0249891642285447 0.09695231437683122
1 0.48775166587504226 0.2939771606719818 0.021573892779239438 0.06743895574338012
1 0.2533248996734619 0.2795201587677002 0.020871639251708984 0.0697099494934082
1 0.9084457397460939 0.21473820672111196 0.01839981079101562 0.0512919142707879
2 0.8461482238769531 0.4688330030441284 0.029911041259765625 0.0884451961517334
1 0.2999818417035698 0.40694648742675776 0.017182160098719645 0.08936309814453125
1 0.27565112265889896 0.45074174404144246 0.019745308698315235 0.0843724346160888
1 0.8289284706115723 0.4146368980407715 0.021087837219238282 0.09388240814208984
0 0.5067659143845568 0.5662265788551508 0.011976446151973548 0.015761210520346295
2 0.7092072239539307 0.16881471694200315 0.016126431342242224 0.046327783437294164
