1 0.9477877934773763 0.6232695402922453 0.032733917236328125 0.08592574508101852
1 0.7393696467081706 0.5731061017071759 0.0307098388671875 0.0908905029296875
1 0.5054819107055664 0.611163330078125 0.03534612655639648 0.0936921861436632
1 0.32351004282633467 0.30905292652271416 0.027890491485595702 0.07336199725115741
1 0.6455142339070638 0.23091865822120952 0.021205902099609375 0.06863577100965712
2 0.5949776967366537 0.40291770652488423 0.024718411763509116 0.07133294564706308
1 0.943591817220052 0.4985001740632234 0.032931009928385414 0.07811366893627025
1 0.9020440419514973 0.28686616685655386 0.032039833068847653 0.07541204381872106
1 0.14904228846232095 0.45672850432219325 0.04116921424865723 0.07359370478877315
1 0.4574044545491537 0.3715885021068432 0.027329540252685545 0.07448233145254629
1 0.305372428894043 0.1007820411964699 0.028333314259847007 0.05440210413049768
1 0.16815296808878577 0.5243875009042245 0.03913164138793945 0.0747293542932581
1 0.7768978118896485 0.43386309588397 0.02208964029947917 0.07347567522967303
1 0.8557381947835286 0.6896762424045139 0.0390625 0.09031541612413195
1 0.8398657480875652 0.7305875424985533 0.046762784322102874 0.09409151430483216
1 0.3213433583577474 0.6188008626302084 0.030962467193603516 0.09421951859085648
1 0.4405454953511556 0.2188409310800058 0.02533391316731771 0.05661208541304977
1 0.6754472096761068 0.0963836669921875 0.019652875264485677 0.053250990973578556
1 0.4294478098551433 0.09811691001609521 0.023064200083414713 0.05490093231201172
1 0.15868097941080728 0.22492490697790074 0.030475409825642907 0.07013038352683738
0 0.508791826370667 0.6241795189270266 0.007465836562269174 0.01437864819400005
