1 0.3241846720377604 0.3151686774359809 0.018846638997395835 0.08025851779513889
1 0.2402442773183187 0.4097446017795139 0.021127923329671224 0.09478129634150752
1 0.7836709976196289 0.4281593040183738 0.02395286560058594 0.07852540192780672
1 0.710480753580729 0.3582919933177807 0.021375465393066406 0.0763023093894676
1 0.2766199429829916 0.4022353560836226 0.020391448338826498 0.07790185433846933
1 0.12401585578918457 0.4037673385054977 0.02448437213897705 0.08611193056459782
1 0.4676946957906087 0.342325931125217 0.021946144104003907 0.0769407484266493
1 0.3517214139302572 0.25089518229166663 0.017562357584635417 0.06557806509512443
1 0.429636573791504 0.3679211369267217 0.02469050089518229 0.07683975784866898
1 0.6976534525553386 0.22263245759186923 0.01824296315511068 0.0687527126736111
1 0.6354188283284504 0.3262761999059607 0.01843687693277995 0.07862947252061632
1 0.6801289240519205 0.4761922200520833 0.03294207255045573 0.0924552634910301
2 0.6127017974853516 0.2755708482530382 0.02466837565104167 0.06539388585973668
1 0.34793577194213876 0.1819026099310981 0.015585772196451823 0.059304187915943295
1 0.39175809224446617 0.37931767216435186 0.0174012819925944 0.07312031498661747
1 0.5276990890502931 0.1727537367078993 0.017111873626708983 0.0646519554985894
1 0.6985986073811848 0.18741487573694302 0.01686827341715495 0.06316898487232349
1 0.51068115234375 0.012789033077381275 0.01189572016398112 0.02557806615476255
0 0.41071834564208987 0.5343760172526042 0.010854307810465496 0.022942606608072916
1 0.3869127591451009 0.4290152938277633 0.042388916015625 0.03413334599247685
1 0.6769544601440429 0.43600387573242194 0.017165501912434895 0.07386112919560185
1 0.5059266408284505 0.6407497829861112 0.029550552368164062 0.04309341995804398
2 0.9858490566037736 0.10552061495457724 0.017295597484276753 0.05171208944793851
