1 0.08754878044128418 0.8641512270326969 0.034732874234517416 0.11818909821686921
1 0.47092062632242837 0.45247130217375575 0.0356687863667806 0.07201278121383102
1 0.21300652821858723 0.9075646859628183 0.05051045417785645 0.10810874656394676
1 0.16937483151753746 0.7630151254159432 0.04215536117553711 0.09651251898871528
1 0.3889030456542969 0.5130844681351273 0.033653672536214194 0.08082803796838829
1 0.30555038452148436 0.4903311270254629 0.030834293365478514 0.08297802960431135
1 0.20646677017211915 0.5051043475115741 0.03001742362976074 0.08204379611545139
1 0.2813630104064941 0.45358395046657984 0.02804876963297526 0.08188598067672165
1 0.40926049550374344 0.482761863425926 0.01847241719563802 0.06413342511212385
2 0.007675220568974812 0.5699490017361111 0.015350441137949623 0.07489657931857639
0 0.338818105061849 0.5209897641782407 0.012606334686279298 0.019234268753616897
