1 0.30258659174468855 0.5696676627372228 0.0364249818133 0.11331063729745368
1 0.6279766433630722 0.6010350566172273 0.053375886518625654 0.10647939423207978
1 0.4911338521236522 0.5732414163981552 0.04629961414171642 0.09314162642867481
1 0.37548796335856105 0.7184510307151277 0.034134719285171866 0.12942377705480007
1 0.5755292732342757 0.5565502347807234 0.04998970926655783 0.09876211660879632
1 0.3596339826241147 0.5682705793134669 0.04472483882407605 0.11739733660662614
1 0.21776807196332335 0.4371705997929758 0.04494142532348633 0.09349794741030093
1 0.37556890982210667 0.4562774093062788 0.03198736261606405 0.09929004245334193
1 0.10305082798004152 0.4852222583912038 0.027691709027294314 0.10350471779152198
1 0.9314695880602386 0.4814252498293833 0.045630077830893304 0.08587986348962577
1 0.10534101898259554 0.4228646051019505 0.019693553715152495 0.09114959151656532
0 0.777447850348431 0.6383993924928176 0.01066493067645179 0.019169277426317854
1 0.3089975039164225 0.41813823558666086 0.03254381815592448 0.0939964011863426
1 0.3074222564697266 0.37455218279803243 0.03217156728108724 0.06344364307544849
