1 0.7610960531234742 0.6759038925170898 0.043965024948120116 0.1557183074951172
1 0.35278277039527917 0.7030117984084606 0.029521737425965814 0.14684488296508783
1 0.7473720999498801 0.8618048399435597 0.066070556640625 0.17916423797607423
1 0.22265197345632892 0.6911678227845193 0.03561829021554598 0.14325426101684563
1 0.8424272620652248 0.5342000180734077 0.02771545091579498 0.11415292739868164
1 0.9545075271548388 0.6170664691925051 0.03230070630281015 0.15075983047485353
1 0.9899493157863617 0.5091037225723266 0.020101420879364014 0.09819355964660645
2 0.7137657233019327 0.7483220686629326 0.03558691263712871 0.16832504977667997
1 0.9306036575652408 0.5885260677337647 0.02293117363905002 0.12475767135620117
1 0.5410035196948669 0.6407838097340308 0.026203352598276462 0.13256277084350593
1 0.7030903740766761 0.666961495255144 0.0338470458984375 0.13050820350646972
1 0.7284433615207672 0.5944740343093872 0.021917850971221925 0.12189568519592285
1 0.7024719951545886 0.5308410644531244 0.02193777679626093 0.12279304504394531
1 0.7235403609301524 0.519525259162274 0.0338464753021522 0.11357469558715817
1 0.5752715265622385 0.5360883023958083 0.051685610624226434 0.09359430313110352
1 0.5603106920010084 0.5883688154942237 0.028001403808593745 0.12119095802307128
1 0.5529361005324048 0.6225891717791946 0.02535018769833981 0.10531962038923723
0 0.6418066280673728 0.35810309882971153 0.010746275219948484 0.018614630580423324
