1 0.06239582300186157 0.5626108805338541 0.049389656384785964 0.1379754525643808
2 0.21958338419596354 0.8302367598922165 0.04202480316162109 0.14362883391203704
1 0.28905620574951174 0.421778247974537 0.04613231023152669 0.11009645815248843
1 0.4494499842325846 0.452815670437283 0.03620761235555013 0.10995556866681135
1 0.5240172068277995 0.4669629132306134 0.02548395792643229 0.10257090815791377
1 0.23573493957519534 0.7183160852502894 0.03665002187093099 0.12924346923828126
1 0.7279514312744141 0.5369456538447628 0.03844579060872396 0.14189520941840278
1 0.36031112670898435 0.43075293081778065 0.027458953857421874 0.11115264892578125
1 0.3912837982177734 0.4202673452871817 0.023460547129313156 0.10956576312029803
1 0.5781564076741537 0.6207356770833333 0.033107630411783856 0.1194891470449942
1 0.5406088511149089 0.5801426640263311 0.02889296213785807 0.12696329752604166
1 0.4600357373555501 0.5843579327618634 0.044720013936360686 0.11965981942635995
1 0.4966754913330078 0.5210215250651042 0.025869369506835938 0.11456505104347511
1 0.4240772247314453 0.8448438856336804 0.0271696408589681 0.14067473234953703
1 0.42333920796712243 0.5980266994900174 0.02585538228352864 0.1159820556640625
1 0.37596902847290037 0.5835027624059607 0.027088292439778647 0.1198597095630787
1 0.3956525166829427 0.5494971381293402 0.03110227584838867 0.10892876519097222
1 0.5691186269124349 0.5519213641131366 0.02069314320882161 0.1080913402416088
1 0.4781881968180338 0.5286084775571469 0.021758302052815755 0.11869405110677084
1 0.8276671091715494 0.4654312133789063 0.059364700317382814 0.05189211810076679
1 0.5326428731282552 0.5484183417426215 0.02770382563273112 0.11677065248842594
