2 0.9222526670678838 0.519213697645401 0.020739254773878307 0.10792934276439571
1 0.36793080354640956 0.5511423377203927 0.03274346540074135 0.10076678531771027
1 0.714264461803629 0.34385352876603553 0.034716547745572666 0.08613625985604738
1 0.2132854461669922 0.7327097009729456 0.029938999811808267 0.11856339066116899
1 0.5203649243718369 0.6244939117533169 0.02464078187466574 0.11548751150855824
1 0.8455581665039062 0.429026370578342 0.02341632843017578 0.09131554497612847
1 0.8612157185872396 0.3068856981065538 0.021277427673339844 0.08675198025173611
1 0.5653415416896808 0.2994338237070484 0.024564839084315376 0.08028115246545293
1 0.6245876948038737 0.45857877378110534 0.0213470458984375 0.09893629286024305
1 0.7944933573404949 0.2787770871762876 0.02108758290608724 0.08203181514033565
1 0.7277828907949503 0.3173781585754275 0.018725597060273113 0.0838321078234698
0 0.25737670262654627 0.7516492490415219 0.013722689946492513 0.021314606843171297
1 0.6170663833618165 0.4245383933738426 0.019307581583658855 0.08355156227394386
1 0.7542758461756388 0.32519701362640485 0.028105642882942154 0.0778875332180871
1 0.7376053423087998 0.3112360406910873 0.01239954833070962 0.07935710931654186
1 0.7365031602349557 0.30070407865216353 0.01735936766299387 0.08180640281396573
1 0.7504182089171957 0.2909069046624672 0.018737095255294635 0.08278612021293544
1 0.7778349880039882 0.3183389918336173 0.02011482284759563 0.08278612021293523
1 0.7557913465271697 0.26959805123487723 0.014603912478391408 0.051925022145391464
1 0.7661243034694293 0.30609252434649653 0.01487945799685277 0.08964414200572285
