1 0.5388569415353249 0.5100562429428097 0.03168671682209297 0.09603098869323726
1 0.9422090923786164 0.6406148147583007 0.03476486444473267 0.1313957977294922
1 0.7059512581240132 0.46029188910877544 0.034980840345881566 0.10303158760070798
1 0.7453868615627289 0.6851745939254761 0.031205241680145265 0.11920844078063965
1 0.26000875406264057 0.5770379030530353 0.024617217608774906 0.12121039390563962
1 0.6010976908006093 0.4258468866348269 0.02533975164881959 0.08443348884582519
1 0.5192889499664307 0.426885290145874 0.02862405776977539 0.08878004074096679
1 0.2029779815673828 0.6978342294692993 0.05579299926757812 0.11868054389953614
2 0.776779167652132 0.4857659339904792 0.01874867351588367 0.10605987644777795
1 0.8114459488977026 0.44619785586750355 0.022156807679401404 0.0997251129150392
1 0.06763946533203125 0.4831662940979004 0.02402857780456543 0.11472591400146484
1 0.656994339649498 0.30176585722260707 0.02644318554777304 0.06256263239111286
1 0.736619967081609 0.359207606075739 0.023787825591401548 0.08751118659973135
1 0.9041341781616211 0.32443635940551757 0.023888015747070314 0.08930706024169922
1 0.40964981583871046 0.5513807208652048 0.01743956294726827 0.10662259440339711
1 0.38937645092012907 0.543874774078922 0.02442989349365234 0.11077018206179969
1 0.68819622173065 0.3200871235519881 0.019096141727851425 0.07722034931182858
1 0.6984529130188097 0.30771573605574587 0.031454736444102994 0.06595616052788622
2 0.7182856465171983 0.23681814655056313 0.02560072001432735 0.058388682821881546
0 0.6191906841996451 0.4295969852641607 0.008869537238233036 0.01576806620130327
1 0.40470014391821685 0.5450808908386835 0.02463726065548818 0.1037198257224895
