1 0.08102714220682782 0.5481999150028936 0.03205897808074951 0.11107364230685764
1 0.6654582341512044 0.5038255479600694 0.03168271382649739 0.10990168253580729
2 0.21469132105509442 0.4623263323748553 0.03125395774841309 0.10098811961986401
1 0.31806427637736 0.4134573759856048 0.03457806905110677 0.08850719310619214
1 0.5150674184163412 0.5102084689670139 0.031422932942708336 0.09152444910120079
1 0.04431500037511191 0.6525920726634838 0.036143978436787925 0.1016153406213831
1 0.7913502375284831 0.5483457212094909 0.02455902099609375 0.09092051188151042
1 0.3849637031555176 0.3514500935872396 0.027493158976236984 0.07732411137333622
1 0.8133341471354167 0.5644380357530382 0.023374366760253906 0.10482731571903935
1 0.9219812393188477 0.4814828378182871 0.03182284037272135 0.09674145733868635
1 0.3587033271789551 0.34886367232711224 0.02507273356119792 0.07551645349573206
0 0.350228025634316 0.3780346800404433 0.009319145071642509 0.017356291350360778
1 0.009433962264150943 0.9077568134171908 0.014150943396226414 0.1215932914046121
