1 0.6944742102009721 0.42640940666198646 0.019715784903897172 0.08976575851440417
1 0.7559853668444412 0.5188932609558089 0.029279973169008745 0.11003200531005831
1 0.968962946916536 0.37969080955671636 0.021708447270552246 0.08793278694152848
1 0.035091441869735715 0.5045575332641602 0.03305140018463135 0.10398406982421875
1 0.8259420394897461 0.5062698793411254 0.028653335571289063 0.10570435523986817
1 0.7233212852478027 0.5122502136230469 0.03776531219482422 0.10609542846679687
2 0.8828998184204102 0.4652171039581299 0.030756759643554687 0.1012394905090332
1 0.4590712833404541 0.47970468521118165 0.02505807876586914 0.09927158355712891
1 0.6521990902655378 0.4873298692703234 0.022082512779184015 0.10187386512756329
1 0.9381883440637067 0.3699962997436528 0.026431619768037148 0.08344573974609386
2 0.4711167225280525 0.3218883857706332 0.02475009105724399 0.06392204855629058
1 0.6138625561080218 0.3396024332355199 0.019322918084038746 0.07801294806817162
1 0.5902739413438499 0.5086915254592893 0.025607919270594023 0.09716935157775879
1 0.5960069905021982 0.44417510986328074 0.024140599111874262 0.08019638061523433
1 0.4732063293457031 0.4396054792404175 0.0248626708984375 0.0860098934173584
1 0.5801008625058717 0.4830730247497536 0.048094207398865906 0.09410823822021441
1 0.5712283720697932 0.4448124928931948 0.023538381630975717 0.07462086591334367
0 0.6340225918100109 0.5211595665905473 0.00959826613036732 0.015725263899861234
