1 0.7956205368041992 0.6728745071976273 0.052619679768880205 0.13751746283637153
1 0.08335348765055338 0.38543746383101846 0.031010762850443522 0.10980586299189815
1 0.30443356831868484 0.49609804506655086 0.0332420031229655 0.12292743259006077
1 0.20498185157775878 0.6801172327112269 0.05404790242513022 0.14162348994502313
1 0.04757927258809407 0.32728274310076677 0.034208210309346516 0.09366002965856483
1 0.13869036038716634 0.3745001333731192 0.03412224451700847 0.10663008513274017
2 0.037087074915568036 0.5729591652199074 0.03737203280131022 0.13794357864945023
1 0.4227272033691406 0.34261584811740453 0.03213914235432943 0.09463585747612849
1 0.2930473327636719 0.3976526896158854 0.033072249094645186 0.10482457478841146
1 0.5586282094319661 0.6304541693793402 0.03898944854736328 0.10214928521050347
1 0.4292744318644206 0.5780878137659144 0.06197538375854492 0.11324920654296874
1 0.8663573582967122 0.7365418045609086 0.040629450480143235 0.1595436378761574
1 0.5473777135213216 0.7252753928855613 0.04637390772501628 0.15042170771846064
0 0.5482065787580918 0.7809258832947685 0.0071641834799657965 0.02253350017630183
