1 0.2903351369292056 0.789992056632179 0.029227447509765633 0.0782227169202182
1 0.9554281806945801 0.6512104845046998 0.02684955596923828 0.06722756385803223
1 0.8160394668579102 0.5009332871437073 0.020376968383789062 0.05671658039093017
1 0.8055487143591694 0.9039583492279049 0.03466032274650521 0.09088575363159174
1 0.5540902519226074 0.6931297302246093 0.022507286071777342 0.0744415283203125
1 0.645036784056915 0.550492696762085 0.016876622923401162 0.0578352165222168
1 0.6852050770278673 0.5614802646636962 0.013702955161176932 0.05755479812622067
1 0.6018500900268555 0.7499294543266296 0.023675918579101562 0.06576131343841553
1 0.17123461741350382 0.8583330345153809 0.025796393987689722 0.07759059906005858
1 0.36473588943481444 0.4824264359474182 0.017678260803222656 0.05755581378936767
1 0.49237037987831017 0.5843629741668687 0.015656228360539023 0.06329046249389642
1 0.4863822746276856 0.787895359992981 0.021151924133300783 0.07994904518127441
1 0.9843385696411133 0.4659410381317139 0.022224044799804686 0.051942272186279295
2 0.7077616119384765 0.7871759700775146 0.030429840087890625 0.0772382926940918
2 0.8010447970948872 0.34781210958591 0.010942176734195784 0.034750559121329516
