1 0.8993162790934245 0.5330173068576388 0.026561292012532555 0.10064431649667245
1 0.7426354726155598 0.724566650390625 0.0346075693766276 0.12076331244574653
1 0.6453762690226236 0.29972907172309027 0.023935317993164062 0.08519838121202257
1 0.24573855400085448 0.7405866834852433 0.043997669219970705 0.10383645516854745
1 0.6557048797607422 0.7390658908420139 0.03504937489827474 0.10993601481119791
1 0.40427633921305345 0.2839456063729745 0.023187255859375 0.08915023803710938
1 0.7809838612874348 0.36319204259801796 0.023058764139811196 0.08614874945746528
2 0.7333492279052735 0.48976169162326394 0.02422396341959636 0.09420115152994792
1 0.253333314259847 0.5785319010416666 0.03314658800760905 0.11542369701244214
1 0.8485355377197266 0.5163096675166378 0.022728919982910156 0.0962959572120949
1 0.800981585184733 0.19954441211841725 0.021053949991861984 0.0776598471182364
1 0.5685479482014975 0.24234384607385706 0.020443598429361984 0.08026754591200086
1 0.7595227559407551 0.19653915122703267 0.017586390177408855 0.07512565895363137
1 0.8598672866821289 0.33700493706597223 0.019645309448242186 0.08307647705078125
1 0.7312273025512696 0.41061633074725107 0.02324740091959636 0.08560002644856772
1 0.5828344980875652 0.26343595716688367 0.017378489176432293 0.07936100429958767
2 0.5060481389363607 0.042694550973397714 0.01783930460611979 0.05260100541291413
0 0.2640280723571778 0.7840063589590568 0.01027668317159017 0.018080195674189815
1 0.28970429102579753 0.7606271814416956 0.03791516621907552 0.12375386555989581
1 0.3004383405049642 0.7541527642144098 0.03193620045979818 0.11428635208695023
