1 0.4922069867451975 0.5402303088469206 0.04417400360107418 0.1221537837275755
1 0.2627058982849121 0.5499822545934606 0.030697043736775717 0.12669909441912616
1 0.4361734390258789 0.3535555804217303 0.025307877858479818 0.09640624434859664
1 0.5394360224405922 0.46080209674103306 0.04227002461751301 0.1101199592595429
1 0.6254662195841472 0.5198900010850696 0.032701873779296876 0.09084438747829861
1 0.37859363555908204 0.6858715481228299 0.041329479217529295 0.15128128616898148
1 0.7246290842692058 0.49647567183883096 0.03949464162190755 0.1051603811758536
1 0.788276227315267 0.6173734311704282 0.056736882527669265 0.10433083993417246
1 0.21632604598999022 0.4778088039822049 0.032213687896728516 0.10037465978551793
1 0.49889119466145826 0.4381964224356193 0.03621673583984375 0.10899655377423322
1 0.7992029825846355 0.5619546395760996 0.04300816853841147 0.1052845142505787
1 0.39701948165893564 0.42729537398726847 0.02859961191813151 0.1121552926522714
1 0.3662299474080404 0.4190533390751591 0.04717114766438802 0.037305309154369214
2 0.202844508488973 0.5268962153682002 0.037324174245198564 0.11170453672055845
1 0.5205548604329427 0.4249079951533565 0.026109695434570312 0.11023683901186343
0 0.8079445562629417 0.6568751362022616 0.012425526762190275 0.021300903020897197
1 0.5106587965612955 0.42708028557988315 0.019811950500857586 0.10930731310818395
