1 0.8025736490885417 0.4419192843967014 0.025427945454915366 0.08984394779911747
1 0.7562567392985027 0.41069697627314816 0.028251075744628908 0.0836803294994213
1 0.4455763498942058 0.3404399165400752 0.023026243845621745 0.06892742580837674
1 0.3121757507324219 0.41739948413990163 0.024565060933430985 0.07628866125036168
1 0.3373595555623372 0.5284654405381944 0.025683498382568358 0.09336824770326968
1 0.9321882247924804 0.6040837040653935 0.026476160685221354 0.10004114221643519
1 0.06908355553944906 0.5155766805013021 0.02910101811091105 0.09801830715603298
1 0.47066211700439453 0.2851285581235532 0.021021938323974608 0.058344240541811344
1 0.5637132008870442 0.6324520534939236 0.02416337331136068 0.10121849907769097
1 0.4950544993082683 0.30737095585575813 0.023698997497558594 0.06613371107313368
1 0.2873788833618164 0.28889024522569445 0.023522599538167318 0.06385393495912906
2 0.5160078684488932 0.36003180609809027 0.018016910552978514 0.08214238484700521
1 0.6006766001383463 0.27542956316912615 0.019770304361979168 0.06390409116391782
1 0.5370843887329102 0.376874824806496 0.017746480305989583 0.07932066740813079
1 0.5548778533935548 0.32275568644205727 0.016116778055826824 0.07108046920211226
1 0.6898004531860351 0.3061725192599826 0.015363057454427086 0.07270284582067418
1 0.6803527196248372 0.30078020449037907 0.014556503295898438 0.06669774938512732
1 0.44101384480794276 0.27125303480360247 0.020378589630126953 0.06411488850911458
0 0.4481597341252784 0.295915037081092 0.01008565483944004 0.011475233950651677
