1 0.3683490435282389 0.8052402072482638 0.048768234252929685 0.09225181297019676
1 0.5060551325480144 0.7267900254991317 0.03567714691162109 0.09838861536096644
1 0.4163770039876302 0.6422368932653356 0.028357505798339844 0.10029528582537615
1 0.7658472696940105 0.46340354636863423 0.024200630187988282 0.08304225780345774
1 0.379089864095052 0.9287306043836806 0.04802459081013997 0.11788674813729745
1 0.4303809483846029 0.8681131998697917 0.04088989893595377 0.11199273003472224
1 0.5242168426513671 0.8887618453414352 0.02960904439290364 0.1082177621346933
2 0.7213658650716145 0.5415616635923033 0.028898048400878906 0.09148757369429977
1 0.23208746910095215 0.3730977941442418 0.019973119099934895 0.08305011325412327
1 0.4909163475036621 0.22881622314453126 0.016098467508951823 0.06089161060474537
1 0.6580251693725586 0.39781070285373266 0.021325429280598954 0.07885996500651042
1 0.2931818644205729 0.7069178828486691 0.0292449951171875 0.09597964816623264
1 0.2753386815388998 0.6779151068793403 0.02467058499654134 0.0968341968677662
1 0.9202009836832683 0.27806820339626737 0.01689319610595703 0.06592316804108796
1 0.7035181681315105 0.2623425801595052 0.01648095448811849 0.06731786374692564
1 0.0789952834447225 0.6650797526041667 0.0303558349609375 0.09486643473307294
1 0.064274001121521 0.6423340974030671 0.022591102123260497 0.10132700602213542
2 0.4401455561319987 0.07117808306658709 0.014648532867431641 0.04835999806722005
1 0.9918917338053385 0.3034765455457899 0.016216532389322916 0.0692983556676794
