1 0.18998533884684243 0.3992622092918113 0.035179662704467776 0.0845020435474537
1 0.445533561706543 0.4015379729094329 0.037538305918375654 0.0867020501030816
1 0.6093223571777343 0.6710526077835648 0.044554074605306 0.1043750904224537
1 0.010629124442736308 0.4824815538194445 0.021258248885472616 0.09123778166594329
1 0.27282473246256506 0.5463656955295139 0.028123108545939125 0.09517957899305556
1 0.5946217854817708 0.34141133626302084 0.025657844543457032 0.07417848375108507
1 0.6157740275065104 0.3728867424858941 0.02932408650716146 0.0808633874963831
1 0.5760805765787761 0.6193583170572916 0.04377460479736328 0.09412881356698495
2 0.31109317143758136 0.4624237060546875 0.03413931528727213 0.08661247535988137
0 0.6225437995691466 0.34569242192967137 0.005510910369204396 0.010776891388666101
