1 0.7826143264770508 0.528675729257089 0.012148793538411458 0.05525365758825231
1 0.30304988225301105 0.4279619004991319 0.01154925028483073 0.04321693137839988
1 0.8124964396158855 0.5044361255787037 0.01481278737386068 0.052034561722366895
1 0.3582763671875 0.42278247409396696 0.011539522806803386 0.04414706759982638
1 0.5572809855143229 0.42007002653899017 0.012313652038574218 0.04114690709997106
1 0.5498843510945638 0.5088582921911169 0.012802759806315102 0.05506105776186342
1 0.4701224327087402 0.398420093677662 0.009979438781738282 0.035954312924985535
1 0.5813939412434896 0.3984742341218171 0.010677782694498698 0.03948805067274305
1 0.44868501027425134 0.4444388778121383 0.013291136423746746 0.049960496690538196
2 0.42302083969116205 0.5060310646339699 0.012380917867024742 0.051768324110243055
1 0.4968609491984049 0.4400715580692997 0.011931832631429036 0.044644023753978586
1 0.488676389058431 0.41642862955729165 0.010567760467529297 0.04109765511971933
1 0.5685012817382813 0.45024165400752314 0.008945910135904948 0.042640770806206596
1 0.238855775197347 0.45133226182725694 0.011246728897094726 0.04890430591724537
1 0.33771909077962237 0.4684565791377315 0.012292702992757164 0.049078114827473956
1 0.45166543324788405 0.43779489022714124 0.012253125508626304 0.0484378108271846
1 0.015837162733078006 0.8685643513997396 0.03037093083063762 0.10835130479600695
1 0.8820089975992839 0.5326720061125578 0.01394481658935547 0.05403007224754051
1 0.4960958063161829 0.4243693388633525 0.010337829589843755 0.043003679901414536
2 0.4261007944742839 0.5613349066840277 0.015349642435709637 0.0576627943250868
1 0.42614669799804683 0.5608714350947628 0.015260918935139972 0.05808738425925926
2 0.9007623036702475 0.5356908727575231 0.01295598347981771 0.05323667173032407
1 0.4993264290601446 0.4108559361995833 0.00818007386925352 0.040718589926949
