1 0.3503922462463379 0.4440476311577691 0.03151733875274658 0.11990835401746962
1 0.12322876453399659 0.3119872623019748 0.033806455135345456 0.10125425126817492
1 0.3029304981231689 0.6088331010606554 0.033855652809143065 0.1398511250813802
1 0.5903525352478026 0.43997090657552085 0.037356233596801756 0.10604748196072049
1 0.25734829902648926 0.3351027170817057 0.03725998401641846 0.10187276204427081
1 0.754052734375 0.411057366265191 0.035396385192871097 0.09423662821451823
1 0.1493261456489563 0.3298829820421007 0.02973313331604004 0.09615599314371744
1 0.7080689264147181 0.4754229651557074 0.02517377392623764 0.11166559855143227
1 0.5105710983276367 0.45290535820855043 0.03483772277832031 0.1216070810953776
1 0.46620426177978525 0.39845336012371907 0.03667416572570803 0.12050718203527672
1 0.014431561529636382 0.28251461452907983 0.027016255259513854 0.08250531090630425
1 0.5529685020446777 0.47978901333279084 0.03303675651550293 0.12083265516493055
1 0.6793997253818788 0.470180751024237 0.04965137756734573 0.11492743188517121
1 0.13741424083709716 0.3861316257052952 0.03463387489318848 0.10102316538492838
1 0.6394810676574708 0.47320399814181857 0.039336347579956056 0.12198121812608508
1 0.5188414115581842 0.40460696750217046 0.026109884026258384 0.10079572465684676
1 0.5494270503296381 0.4000257635730864 0.040202343508814804 0.10072875552707238
1 0.638248805696118 0.42947820027669265 0.03993492769417438 0.09191716512044269
0 0.39391763721556294 0.27360180336282874 0.01405282144147094 0.025472652373210888
