2 0.8261674978305706 0.5875370855646541 0.028870364416430115 0.11832159182882075
1 0.4332736528895332 0.4679244995117186 0.03371077318629249 0.10356705277054395
1 0.46745198567708335 0.6220135724103009 0.04042510986328125 0.12187200475622106
1 0.6650304209086688 0.7361637821903909 0.03581637034159173 0.1418928923430267
2 0.9086795806884765 0.15849123354311342 0.03268349965413411 0.08741277058919271
1 0.3782734553019205 0.47729526095920144 0.04047339757283528 0.1005205507631655
1 0.6416136591730658 0.629508667199946 0.03627875826719214 0.13559904917130391
1 0.5813180730584737 0.46041256939923253 0.04613065040975256 0.08637870506004033
1 0.6129150279898568 0.42189712889528364 0.039839340952859736 0.08886157165594981
1 0.7385782877604166 0.9452619199399596 0.04067503611246745 0.10947616012008102
1 0.5431054397793157 0.5014643351236981 0.04167104648978361 0.0653872737178096
1 0.3543123245239258 0.5747861508969908 0.060253461201985686 0.055027149341724535
1 0.720776303609211 0.5096305569366134 0.032875696818033776 0.08896843143746105
0 0.5998767562875941 0.5451277639159007 0.0101026255191991 0.018697219340316505
1 0.9931933085123696 0.7920081244574653 0.01317596435546875 0.14862857394748263
1 0.7217205434163758 0.46963456824209343 0.02530885587057213 0.09203465245920789
1 0.6412129147417622 0.6770134061081768 0.001952582776915648 0.04252291380838372
