1 0.26663144846543085 0.5376141214370729 0.029216876423049376 0.0958104419708253
1 0.7865967198204379 0.3790938282012942 0.029877625297880364 0.08765665054321287
1 0.5456236290931702 0.5063631439208984 0.025146641731262208 0.09772491455078125
1 0.7145309185981751 0.6575302512504113 0.05641199588775635 0.11191963336019822
1 0.6915259110927586 0.39016352176666325 0.0258667969600873 0.0920354175567628
1 0.20014557838439942 0.6217706203460693 0.031852436065673825 0.10344266891479492
1 0.918973844842663 0.5179026412963865 0.02699752489040424 0.10149177551269528
1 0.6420905303955078 0.47289935959481566 0.03483314514160156 0.09840225007342047
2 0.7920107519626618 0.4780429267883301 0.038103229999542236 0.10233142852783203
1 0.3238474959122207 0.571770153045654 0.026119228583465957 0.10348476409912104
1 0.59789977708767 0.43092507362365673 0.02839634100938775 0.09057939529418943
1 0.5695308015713906 0.7357284311088127 0.035113162591023914 0.12902064395590868
1 0.1638506519794464 0.3108473253250122 0.0272090744972229 0.08799241065979004
1 0.4094064567482163 0.3899993419647218 0.019247822353034877 0.09478284835815426
1 0.48878204345703125 0.39636542797088625 0.02387847900390625 0.0944846248626709
1 0.5617449520027327 0.34305472373962304 0.019903548146625528 0.08352853775024412
1 0.603039238059832 0.2790914275865429 0.024539109869250623 0.06671736292455106
1 0.6268934387007167 0.2834315323829651 0.022732697717586833 0.07183269977569581
0 0.5403512698411942 0.7530689072608948 0.011537805795669556 0.022005887031555177
2 0.772060120926672 0.10810396858226172 0.019554885176076547 0.06644970519997855
