1 0.5443013209791316 0.6267454353214564 0.027718883615463846 0.07726421659018022
1 0.30212872502429056 0.3890634441375731 0.012843480971191604 0.05498640060424807
1 0.2575088589279964 0.3836080622673027 0.013545969503942 0.059864974021911585
1 0.08181960991272062 0.4802619743347168 0.01390357392532162 0.06295429229736327
1 0.6399541534468558 0.49554730892181376 0.019762581069636544 0.051170027468910015
1 0.225401661543096 0.6161456349683889 0.01336574951695963 0.06404027556129648
1 0.24209047098815564 0.30711019421319025 0.01565644565837056 0.03787099560627241
1 0.4214009971901801 0.3382780313491821 0.01404032140672753 0.05272507667541504
1 0.5279053955583413 0.3810135633285614 0.011094846640670907 0.057595332754497616
1 0.35711950302124024 0.471100389957428 0.013497352600097656 0.06028778553009033
1 0.6054981008566254 0.3111715650558469 0.013804976475518739 0.047200689315795824
1 0.4562309810650626 0.32990677118301376 0.010847931308378184 0.049316067695617596
1 0.6418463468127658 0.4236287426948544 0.012706746970259999 0.057050576210021964
1 0.6133033594620505 0.520572395324707 0.02096172991042946 0.0521148681640625
1 0.6598911754640686 0.4033571301826287 0.016706466674804688 0.058337063789367684
1 0.3941251200013571 0.2827132463455201 0.01146290174587885 0.04405308723449708
1 0.5912844386141425 0.29514200752335534 0.010320198261203714 0.04353567079775791
1 0.3929152488708496 0.2446440601348877 0.01183490753173828 0.04101224899291992
1 0.5732576262264102 0.2561685299873352 0.014197594982118717 0.038596596717834435
1 0.5367365314738315 0.259209796299355 0.014471077211884276 0.034267249538445274
2 0.39861047863960264 0.9631704020500184 0.033714869022369386 0.06805329799652099
2 0.5201441955566406 0.3438203978538513 0.013995742797851563 0.051263766288757326
2 0.41011724472045896 0.2093249452114105 0.013665199279785156 0.0375586199760437
0 0.24105208882575355 0.32936662597857647 0.0060766263028737555 0.0074789246804600395
