1 0.3093802769978841 0.4701145313404224 0.02628939946492513 0.09940535933883102
2 0.27230428059895834 0.44065060085720487 0.023989137013753256 0.10025665848343461
1 0.23167478243509929 0.4712858412000868 0.029399426778157555 0.09328542638708043
1 0.4421436309814453 0.9019521077473958 0.04041744867960612 0.13719572844328703
1 0.8910333633422851 0.41489783393012153 0.02671305338541667 0.0903183831108941
1 0.5207317352294922 0.3487870110405816 0.02383254369099935 0.08153528284143519
1 0.7933802922566732 0.3827735900878906 0.02197608947753906 0.09058730513961227
1 0.45934950510660805 0.28396408646195026 0.024523830413818358 0.05756999828197338
1 0.32092463175455727 0.2693901062011719 0.018417962392171226 0.07001670554832176
1 0.5158571243286133 0.4828406439887153 0.02080558141072591 0.0981700755931713
1 0.4565758387247721 0.5447191026475694 0.029731210072835287 0.10964400679976852
1 0.9709421793619792 0.5174018012152778 0.02896289825439453 0.104766845703125
1 0.37765598297119146 0.3218308342827691 0.016774813334147137 0.0803892347547743
1 0.7158745447794597 0.2905814276801215 0.017984390258789062 0.06411649915907118
1 0.7014199574788411 0.2898296214916088 0.02141272226969401 0.06431025752314815
1 0.463820234934489 0.24203064529984086 0.015587488810221352 0.0549520421911169
0 0.7070463910678955 0.3203598438173193 0.008471950065129477 0.017930053047893288
