1 0.6871203740437827 0.6330268012152779 0.04996274312337239 0.140992510760272
1 0.7778578440348306 0.29773474799262156 0.03221975962320964 0.09472147623697919
1 0.6969847361246745 0.33094236585828996 0.043501091003417966 0.09345612702546297
1 0.4643763224283854 0.3387492427119503 0.03697353998819987 0.09247128521954572
1 0.2900631268819173 0.30369692201967596 0.024610137939453124 0.09303857308846933
1 0.545384407043457 0.20238305551034436 0.03105417887369792 0.06921235543710214
1 0.4642318089803059 0.6568220915617766 0.06092704137166341 0.14826027199074074
1 0.1666981061299642 0.26669718424479166 0.034702459971110024 0.08707054985894097
1 0.969538370768229 0.40448438856336805 0.06025778452555339 0.11069556342230903
2 0.3569608052571615 0.3246320371274595 0.03640565872192383 0.09237515484845198
0 0.5787514368693033 0.20091524477358216 0.007924397786458334 0.014438388965747975
1 0.20574668248494465 0.24567334210431135 0.030592012405395507 0.08634092542860243
1 0.917660395304362 0.5119372897677951 0.0523562749226888 0.12329618665907117
1 0.19481554841095555 0.3933909615464014 0.04963714671584795 0.10417089562246123
1 0.5503144654088051 0.16352201257861637 0.02830188679245282 0.05031446540880504
