1 0.2536855375766754 0.6398478555679321 0.03076928377151489 0.12929326057434082
1 0.19250137805938722 0.3433589196205139 0.028116655349731443 0.07475857257843017
1 0.8272322082519531 0.392836332321167 0.029576873779296874 0.07491437911987305
1 0.7854639861242948 0.5492406511306763 0.022288293293508635 0.0986092472076418
1 0.8591162109375 0.840973391532898 0.04185638427734375 0.14936285972595215
1 0.43278263688087465 0.3301157784461975 0.02056649446487427 0.07152000904083251
1 0.582316273113646 0.38226307868957504 0.01790960006029879 0.07132738113403315
1 0.6078631019592285 0.36495826482772825 0.025002098083496092 0.07023993968963622
1 0.7734935247898101 0.45066136837005616 0.022414143085479735 0.09591525077819824
1 0.2747176350525533 0.41816957473754884 0.021067778791682895 0.085413703918457
1 0.2843360100882462 0.376469042301178 0.01887444283620279 0.0790473985671997
1 0.3356172758340836 0.32669453382492064 0.017936517000198365 0.07317010402679443
1 0.6122051994630185 0.304793734550476 0.017312544311778356 0.0634342861175537
1 0.28725478256425485 0.2734259758464203 0.019107152223587037 0.06447609424591065
2 0.48170888900756836 0.37669950008392333 0.023498344421386718 0.08314616203308106
1 0.592635316058578 0.29716046094894405 0.016014879553679202 0.06599137783050536
1 0.7604592669970317 0.35994368299401347 0.01911005418948667 0.07887011081861849
1 0.006162046984253534 0.33075188636779784 0.012324093968507067 0.07168714523315428
1 0.33712257365840853 0.281008466186117 0.016332913637161255 0.05989786624908447
2 0.0075640511512756305 0.2576942055111383 0.015128102302551261 0.06623288935082328
0 0.2972740564365576 0.2982887632057023 0.006843683515413482 0.01034156620106927
1 0.7555271455395739 0.3527907382704704 0.019597820975957345 0.07852954013646213
