1 0.46962316040100965 0.5166754828559008 0.031993214677011564 0.09626295301649276
1 0.3630393504321107 0.6380670618127887 0.04684476867923544 0.11531948513454852
2 0.07681808471679688 0.5163607562029803 0.03460882504781087 0.10716824001736111
1 0.35973682403564455 0.4343040183738425 0.026900386810302733 0.10210681491427952
1 0.33667856580842925 0.4573898880570015 0.031824021998456714 0.10595078644929097
1 0.1623230457305908 0.6090940122251157 0.03503395716349284 0.11945162172670716
1 0.419967563985808 0.4520972310990585 0.025221374635766854 0.09570189106432143
1 0.2322068214416504 0.4976031268084491 0.0368919849395752 0.11003056278935185
1 0.7210763295491538 0.45184455216846003 0.03944282562751358 0.0843954110770131
1 0.6056135072165377 0.5747192382812485 0.02660319041429786 0.10129196732132499
1 0.20704545974731445 0.4441111811885127 0.03667325973510742 0.06492445203993055
1 0.2659118229005383 0.35546352245189394 0.01655472701156893 0.08980334246600079
1 0.5852947235107422 0.6480101408781829 0.04122034708658853 0.11370600947627314
0 0.612287712097168 0.6659998010706019 0.011337916056315102 0.021424300582320602
