1 0.49957923889160155 0.5595527225070529 0.046191978454589847 0.10870980156792534
1 0.6174551010131837 0.5844019571940104 0.029624080657958983 0.11806009080674913
2 0.716590404510498 0.6057559543185763 0.029698896408081054 0.12530407375759547
1 0.4225768089294434 0.5335404290093316 0.034827566146850585 0.11442790561252171
1 0.45323762893676756 0.7894995795355904 0.04157323837280273 0.13682115342881945
1 0.9393514633178711 0.41540887620713973 0.02512969970703125 0.11254094441731771
1 0.5628986358642579 0.4054614596896702 0.03285326957702637 0.09728325737847224
1 0.7786849975585938 0.3379013909233941 0.03035569190979004 0.09722410837809244
1 0.5481564044952393 0.5050148857964409 0.027175140380859376 0.09376449584960937
1 0.3201525696356608 0.3327909908011249 0.03005097403497709 0.07079458898703742
1 0.7167089462280274 0.45381007724338107 0.032317066192626955 0.1157379150390625
1 0.7996906280517578 0.7946850246853299 0.038080358505249025 0.14683685302734376
1 0.4619077205657959 0.4920774247911241 0.038969993591308594 0.10980394151475695
0 0.32665379183568954 0.35396414561938483 0.00819804848311378 0.014169466514023909
