1 0.8964766184488931 0.35043713604962384 0.028314844767252604 0.07959360193323206
1 0.5612532297770182 0.6434232923719618 0.030383618672688805 0.11163047507957176
1 0.9702758789062501 0.5617150200737848 0.02676137288411458 0.11179154007523148
1 0.09118853410085037 0.6160302625346289 0.044015693664550784 0.10346888869411355
1 0.6455382664998374 0.3450593171296296 0.022355397542317704 0.07904162936740451
1 0.34203742345174154 0.6581230446144387 0.030192438761393228 0.11681846336082176
1 0.742551612854004 0.48002087628399887 0.024958928426106766 0.09888692785192418
1 0.8387739181518554 0.380542642098886 0.02100880940755208 0.08512369791666669
1 0.9483231226603189 0.35574058250144674 0.01916923522949219 0.07909396136248553
2 0.8517424265543618 0.5097095630787037 0.022669665018717446 0.10118179321289063
1 0.7211636861165364 0.4512731198911314 0.024102656046549476 0.09133871572989005
1 0.4646966616312663 0.6443598994502315 0.033031463623046875 0.12164453577112269
1 0.7928324381510415 0.3730493898744936 0.02308718363444011 0.08081698947482639
1 0.7250428517659506 0.4019904807761863 0.023521804809570314 0.08767858434606483
1 0.34758243560791013 0.5977866843894676 0.023076947530110678 0.10449071813512731
1 0.19837048587424339 0.6075326668700513 0.035371383263038764 0.1047721363143415
1 0.7039953867594402 0.39818934687861685 0.026196988423665368 0.0871323196976273
1 0.8487722396850589 0.554666043569881 0.028940582275390626 0.10369473668112907
0 0.07894760026413769 0.6437314731254825 0.009522985611697852 0.016193676016027184
