2 0.470062759503955 0.5967390205929458 0.016573290803548083 0.08921854305053509
1 0.1500938097635905 0.6257874665436921 0.022742064793904625 0.0941423769350405
1 0.16633994158215748 0.5040603937143807 0.017456919282869274 0.08193353723596647
1 0.1481190142348836 0.41032601046199835 0.014825362236434153 0.071266837095154
1 0.5096818213441491 0.5049896240234377 0.015398256816048556 0.07825006555627897
1 0.6208244323730466 0.6485162805627894 0.02321971447408871 0.09102619312427664
1 0.10348343849182129 0.4353270354094329 0.021587133407592773 0.07826382672345197
1 0.4768868714424323 0.48395940022536166 0.01731745781780686 0.07730920221270275
1 0.40401488910318567 0.4913723216529724 0.017946564383145916 0.08080118937424763
1 0.3552561392240062 0.424365754071794 0.010204707333430565 0.07207101787288742
1 0.7831100825655354 0.44641853615089694 0.015050833262581753 0.07681554158528639
1 0.679823284541198 0.5987438060619193 0.01642458676224892 0.0916745221173321
1 0.6067448759559 0.5726686919437789 0.019095044349397326 0.08124362614626714
1 0.5879939260178755 0.5491553977683733 0.018788760337784736 0.08794996473524304
1 0.5687348621403608 0.5407449227792231 0.014036556383634604 0.09020187943070013
1 0.637096659342448 0.5895264802155671 0.017874717712402344 0.08100625497323495
1 0.5483124988591106 0.5233543678566256 0.01991162644136519 0.08187787091290505
1 0.6500737545500911 0.5758372176585488 0.01642747767552859 0.08506982105928945
1 0.6589833577473933 0.5933072203508817 0.01674861907958984 0.08910413523501001
1 0.6227341969807942 0.5720365171079282 0.01656335194905599 0.08798664234302662
1 0.6241592407226556 0.5625794808721791 0.01638202667236327 0.0852049528648722
0 0.15256763279595886 0.4512579618607346 0.007200964051879913 0.010241371096006792
