1 0.20648857752482097 0.8626814100477431 0.07044466336568196 0.15375473587601274
1 0.6151509602864583 0.4310928909866899 0.024644215901692704 0.09895344486942997
2 0.14079325993855793 0.5052424112955729 0.03026868502298991 0.1121227123119213
1 0.41997146606445307 0.9326672589337385 0.035673936208089195 0.13316853841145834
1 0.6326402028401692 0.41521338003653063 0.02067394256591797 0.0968908804434317
1 0.38792807261149087 0.47807701958550347 0.026459789276123045 0.10683119032118055
1 0.46808220545450846 0.44900464658383976 0.020272572835286454 0.1001108240198206
1 0.3409582773844402 0.3591905664514612 0.026759878794352213 0.09756283230251736
1 0.3051187515258789 0.40919022736725985 0.02683194478352864 0.08986352991174769
1 0.4287326494852702 0.36743011474609377 0.028397432963053384 0.08008968211986399
1 0.5560178120930989 0.4440919664171007 0.025297609965006507 0.055921201352719906
1 0.5377101976109112 0.39445689553869134 0.019552723255276072 0.03838528457907926
1 0.5581337144945305 0.39184082088732053 0.026626128776122075 0.04496857304411686
0 0.625364689654239 0.32162673315177104 0.012869295575125363 0.018145213684468045
1 0.8290094339622641 0.4011180992313068 0.02594339622641513 0.08385744234800839
