1 0.8177527801837939 0.41976858068395534 0.032281673620853026 0.07467029712818288
1 0.8644690296981402 0.3770859894929104 0.021606719878054282 0.07081284699616605
1 0.47037760675671725 0.4801439073350695 0.0274808513974543 0.08114437527126736
1 0.6665622396111277 0.39213341606987906 0.02721150659724071 0.06733977706344041
2 0.9720514398747346 0.5134787100332747 0.025392806914187972 0.08163254349320019
1 0.40201274674671517 0.42136856786020715 0.03572310205108397 0.07326176961263003
1 0.6330821782800614 0.6154930967471856 0.037610519316529464 0.08366043655960648
1 0.3636761665344233 0.5092405792247344 0.041436068216959575 0.07862890308741698
1 0.6857141815463492 0.5404798719618056 0.03140678462183419 0.08535229718243635
1 0.8457391103108723 0.3057185985423901 0.02592169443766276 0.06547006677698206
1 0.6283443450927734 0.43882531060112856 0.036896832784016925 0.07158855862087674
1 0.7149718180523837 0.4875089292173032 0.035415776006422005 0.0790402165165654
0 0.4563172177769947 0.5049584201403782 0.007821590233446897 0.011486779859748069
