2 0.4575844955444336 0.5420506811141967 0.026442718505859376 0.11505793571472168
1 0.5916299628830712 0.6645618679505999 0.038427512924588667 0.13967037200927723
1 0.2789074766635895 0.5480922746658325 0.029006130695343017 0.12231682777404786
1 0.3586124360561371 0.5712045764923096 0.034011905193328855 0.1224199104309082
1 0.202384090423584 0.4227033233642578 0.026717758178710933 0.10104751586914062
1 0.42148256301879883 0.4374905872344971 0.02434673309326172 0.09553522109985352
1 0.6893470513820649 0.3699770498275757 0.028196208477020264 0.09155840873718261
1 0.7917625427246093 0.46467206954956053 0.03040771484375 0.10186832427978515
1 0.2738290846347809 0.4110182952880859 0.026649982929229737 0.09626617431640624
1 0.5217685105952907 0.4581556987762451 0.023263263042815455 0.09939199447631834
1 0.4852227973937988 0.36714892387390136 0.02072772979736328 0.08476240158081055
1 0.32939261078834536 0.3350278043746948 0.01908696413040161 0.08308741569519043
1 0.42823264122009275 0.3143380856513977 0.018842601776123048 0.0764391565322876
1 0.5515110146999359 0.43838537216186524 0.022159831523895265 0.1056143569946289
0 0.7590467834472656 0.5076243031024933 0.010289764404296875 0.01829670190811157
1 0.2947985172271729 0.38723782539367674 0.024270343780517577 0.09184610366821289
1 0.48290224454502784 0.4907671658986949 0.017012634048919045 0.10597387313842767
1 0.5618799400329589 0.3715671157836914 0.024506568908691406 0.0829681396484375
1 0.0432722743395087 0.5240763149308012 0.02383831341204703 0.1138262824919126
2 0.3986720597743988 0.2819308495521545 0.019146792888641358 0.07979855060577393
1 0.030997066497802733 0.5105657386779785 0.025105500221252443 0.11327655792236328
