1 0.734323247273763 0.6756898668077257 0.03288078308105469 0.11690832067418981
1 0.6141332626342774 0.6833834047670717 0.04105567932128906 0.12160831027560765
1 0.743601671854655 0.5501558091905382 0.028878148396809897 0.08989653410734952
1 0.9096668879191081 0.5553273518880207 0.02881024678548177 0.08683997260199652
1 0.7979244232177736 0.6079187463831018 0.02188981374104818 0.10092654758029514
1 0.876068115234375 0.5785111038773149 0.023994255065917968 0.09852131031177662
1 0.5783206939697265 0.5325375592267071 0.02603626251220703 0.07865657099971064
1 0.8482059478759766 0.6006283230251737 0.02434495290120443 0.10541263156467014
1 0.8383949279785157 0.5804315072518808 0.02119553883870443 0.09610799153645834
2 0.4726578995930916 0.5828614679494416 0.025801220467132638 0.1101090071892215
1 0.11833394368489585 0.6139823631004051 0.027453581492106124 0.09748218677662036
1 0.9943978627522787 0.5966597945601851 0.01111729939778646 0.09435650860821759
1 0.4429927601612953 0.5056807548781235 0.020171309678879912 0.06885140370391034
1 0.6007324018501372 0.5020947442685447 0.015330195355948888 0.06741699946007877
1 0.7484637683043667 0.5107011697315336 0.018961031098147032 0.07602342492306753
