2 0.4752056121826172 0.8902161209671585 0.029367351531982423 0.10990284107349536
1 0.4942749659220378 0.7231271814416956 0.02250925699869792 0.08970698603877315
1 0.24666929244995117 0.27108804208260995 0.014734474817911784 0.056608779342086225
1 0.45735012690226234 0.40975076180917247 0.019120216369628906 0.06943757798936633
2 0.36577011744181315 0.44147197582103587 0.019734700520833332 0.07550953052662036
1 0.4916801452636719 0.5454410129123264 0.020510133107503256 0.07897174976490162
1 0.9716342926025391 0.6496099401403357 0.01847540537516276 0.09061138011791088
1 0.15011583964029948 0.3238012808340567 0.014978615442911784 0.0653212653266059
1 0.019394036134084067 0.4000410574453849 0.017544060945510864 0.07294757984302662
1 0.6500943501790364 0.2822985048647281 0.014900398254394532 0.05908703274197048
1 0.9481959660847983 0.36482948020652484 0.016797383626302082 0.07163266782407407
1 0.6707132975260416 0.45127600210684315 0.01828791300455729 0.06921426278573495
1 0.4842525482177734 0.4894376401548033 0.018636067708333332 0.07507137722439236
1 0.6535172780354818 0.35948520236545145 0.014826075236002606 0.06323798850730614
1 0.5115673065185546 0.29534765172887734 0.014725589752197265 0.058461959273726855
1 0.3040673891703288 0.4100160104257089 0.01480566660563151 0.06967180040147569
1 0.5113530476888021 0.5434656213831018 0.01815478006998698 0.08212918882016783
2 0.1375778516133626 0.19237244217484087 0.016554880142211913 0.0514373779296875
1 0.38276147842407227 0.3329461556893808 0.018349647521972656 0.07135038022641782
0 0.4988207547169812 0.429769392033543 0.008647798742138448 0.009783368273934343
