1 0.21751392682393392 0.5650621202256945 0.028218682607014975 0.088432538067853
1 0.27279895146687827 0.5155954996744792 0.023710997899373375 0.07942934389467593
1 0.25853377978006997 0.6451913904260707 0.03480253219604492 0.0789455837673611
1 0.17131188710530598 0.37479118064597805 0.021568028132120765 0.07368483366789641
1 0.5353530883789063 0.6374546757450811 0.030219364166259765 0.0889597009729456
1 0.9111592610677083 0.920148609302662 0.03208459218343099 0.11584365279586226
1 0.3824617385864258 0.24799776430483217 0.015085951487223309 0.05524024963378906
1 0.6178976058959961 0.27076619466145835 0.01523284912109375 0.05787404378255209
1 0.4540101051330566 0.1690484788682726 0.014015388488769532 0.04720911096643519
1 0.28260218302408857 0.7117125334563079 0.03896962801615397 0.0847448843496817
1 0.5815481821695964 0.6579911973741319 0.022042274475097656 0.08973360414858218
1 0.9268196741739909 0.8516574435763888 0.025055821736653647 0.10845760769314236
1 0.3234941164652507 0.2960186145923756 0.016524378458658853 0.05766268129701967
1 0.7107471466064453 0.23318778143988717 0.015050824483235676 0.05315168875235098
1 0.46705446243286125 0.525188700358073 0.02140477498372396 0.07057257758246528
1 0.7054854075113933 0.3907777856897425 0.020677121480305993 0.06864776611328124
2 0.3731914202372233 0.13016508596914786 0.013815498352050782 0.04571239330150463
2 0.5149577458699544 0.4925400345413773 0.021211846669514974 0.08261147958260995
0 0.29920438130696614 0.7418441207320602 0.009578609466552734 0.020958398889612272
