1 0.6071645100911458 0.47917921278211806 0.03007043202718099 0.11569222344292535
1 0.3989661534627278 0.6084388450339988 0.03941631317138672 0.15045335557725695
2 0.7086671193440757 0.5900554515697338 0.036965497334798175 0.14327228687427662
1 0.9872769037882486 0.6342420789930556 0.025446192423502604 0.1318781534830729
1 0.03231863776842753 0.7184542055483217 0.038975846767425534 0.16189818205656828
1 0.31757802963256837 0.8112011944806133 0.03452237447102865 0.16850992838541667
1 0.32672939300537107 0.6978392424406828 0.043845176696777344 0.16343084264684607
1 0.13896838823954266 0.6814290364583333 0.03148645559946696 0.1427131935402199
1 0.49235471089680993 0.4373371265552662 0.024773915608723954 0.1218855963812934
1 0.7346421559651694 0.5869372897677952 0.02879021962483724 0.1487036810980903
2 0.8455804261021643 0.4027978402596931 0.054155780384375206 0.11877009073893217
0 0.10377358490566038 0.6932215234102026 0.015723270440251565 0.019566736547868543
