1 0.4694102799375503 0.557750325103856 0.02473456383385484 0.11237254193586599
1 0.8965099334716797 0.4786989000108507 0.030364163716634116 0.12172501175491898
1 0.7357464472452798 0.4052524707935474 0.02964083353678386 0.10182726824725115
1 0.8603012084960937 0.44481333979853876 0.02303314208984375 0.11404062906901041
1 0.9735546112060547 0.22349477697301798 0.032754707336425784 0.08858094391999422
1 0.5787972132364909 0.4744622124565972 0.02569160461425781 0.1141935560438368
1 0.6269131978352864 0.40428235089337383 0.02207991282145182 0.11460008974428532
1 0.4343564351399739 0.42712030697621145 0.024752612544234352 0.1355762071105863
2 0.8553208669026694 0.6363433837890625 0.031772804260253903 0.12348429361979169
1 0.6016777537101822 0.47161474495253125 0.02414928638253157 0.1130046544739283
1 0.23380510583835296 0.5467138071220167 0.02845124784825891 0.09337584738928804
1 0.5792348225911458 0.41380527637622966 0.022458203633626304 0.08419251618561921
0 0.1349255561828613 0.614670251916956 0.013281869888305663 0.021536933051215276
1 0.2673098227540413 0.5219312121768579 0.03914274935814095 0.05270200240377143
