1 0.6733248317241669 0.5590552425384522 0.035239598751068114 0.08323476791381836
1 0.48431019195297836 0.5327505540847778 0.027334701848439488 0.07966263771057128
1 0.6278475570678711 0.4412194156646729 0.020202255249023436 0.0739732551574707
1 0.28512141861188445 0.66311536690376 0.02995265320277203 0.097849691327049
1 0.5387494178844692 0.6518731021881103 0.04587545320057853 0.08033334732055664
1 0.5475719270638507 0.40817234516143797 0.027090189947312528 0.06625908851623538
1 0.34222505569458006 0.49200931549072263 0.023902320861816408 0.0704193115234375
1 0.36303460542549404 0.543418712615967 0.0324396525981087 0.08351734161376953
1 0.8947091102600098 0.3859999632835388 0.027521705627441405 0.06409183025360107
1 0.9048936678918773 0.7958170318603522 0.029451337248597217 0.10531311035156253
1 0.8737809884548188 0.356986848113541 0.021769587993621827 0.06772218466280996
2 0.5142135424410328 0.2982476782798769 0.02044310573859655 0.057983965873718256
0 0.535300187419575 0.4348912706890381 0.0054749468123303216 0.01125405733645764
