1 0.6372485402958119 0.5143127536773682 0.038325815943186285 0.1281328010559082
1 0.22964558601379395 0.8087824726104736 0.05219717025756836 0.16735025405883788
1 0.5322127307960375 0.5618802261352539 0.05143260955810547 0.12449493408203124
1 0.8161261777606557 0.5743806409804084 0.03569132566452026 0.1301886749267578
2 0.13457717500522923 0.5163926315307616 0.039629089085165436 0.11152343749999999
1 0.9154576683044433 0.7320452725932259 0.0404159578639345 0.15888703107886684
1 0.555211945772171 0.4573482084274292 0.031833269596099854 0.0998923397064209
1 0.16250043869018554 0.6091014432907105 0.049019241333007814 0.13382109642028808
1 0.8366316777455836 0.6202367377233595 0.044019206764695375 0.12636802195550678
1 0.4231468049423423 0.4607621240615841 0.030444458273355644 0.11443226814270015
1 0.8858580207824707 0.6398438692092896 0.040506935119628905 0.12968071937561035
1 0.9400651050665221 0.9212240982055664 0.0388982155041379 0.15618064880371083
1 0.23089177914008416 0.3891708946228021 0.045537931476525156 0.08216976165771481
1 0.17893368490203915 0.373796191215515 0.03424222126692367 0.08300848960876467
