1 0.18191022872924806 0.4485634132667824 0.03365591367085775 0.08709705494068289
1 0.18204026222229003 0.5700736151801216 0.03975486755371094 0.11211875632957176
1 0.7410068511962891 0.44763389869972514 0.03520692189534505 0.09591318766276041
1 0.3127308527628581 0.5613636158130787 0.036205132802327476 0.11219742386429399
1 0.01934664845466614 0.7753297593858507 0.03869329690933228 0.14750648781105324
1 0.4091718991597493 0.72793047869647 0.02835839589436849 0.11981591118706597
1 0.3319766680399577 0.39188718442563664 0.027835400899251305 0.0846477367259838
1 0.464678955078125 0.4348553127712674 0.026867771148681642 0.09623003359194156
1 0.8608922322591145 0.48838427508318866 0.027822049458821618 0.10944312766746238
1 0.8249652862548829 0.5289219609013309 0.03395830790201823 0.108989178692853
1 0.5727949778238932 0.3430169564706308 0.025158564249674484 0.07648792973271122
1 0.20803050994873046 0.35953747784649887 0.02718707720438639 0.08435767844871238
1 0.9054430643717448 0.5835700141059028 0.03421338399251302 0.11287514015480324
1 0.6983252207438152 0.45880070439091436 0.027629407246907555 0.08854712027090567
1 0.6987965265909831 0.5203049271195023 0.03131535847981771 0.09592276679144965
1 0.510962168375651 0.3210305673104745 0.027451610565185545 0.07848564430519386
1 0.5344088236490886 0.3672055279767072 0.02594935099283854 0.08645562065972222
2 0.35614245732625327 0.43001432065610534 0.02479076385498047 0.09805896900318287
0 0.5164017232372629 0.3532935404391066 0.006688145253700309 0.013272598332923644
