1 0.4303696918487545 0.9018630019096417 0.020221234717702936 0.08715556924897186
1 0.7574450492858886 0.8457150030136108 0.023700523376464843 0.08633830070495606
1 0.24703823047389054 0.5569283061546784 0.015452866712135254 0.058543364213251875
1 0.710435619354248 0.7123050332069397 0.023361015319824218 0.07588020801544189
1 0.5124623101161238 0.7235134022869271 0.028493116936349917 0.07251172889026161
1 0.966402153423418 0.4929618430137635 0.01725056539175739 0.06064956188201895
1 0.4755577773542544 0.8380530476570128 0.020504349058063934 0.07811979770660404
1 0.4853534346556105 0.5210433840751647 0.01890605335723527 0.05828908443450925
1 0.5899955067593918 0.7882648689087008 0.018322162458584333 0.08192097316896409
1 0.8743786112272697 0.6227007031440716 0.016523736481615887 0.07314554691314679
1 0.7119338776580301 0.5767771744728085 0.021259605609835752 0.06501759052276605
1 0.5216523275173544 0.49561716665113464 0.016629316289592258 0.06189235470127066
1 0.5637340333502422 0.6330174303054801 0.01676784087040785 0.06650345802307127
1 0.4973408603668213 0.583740565776825 0.01859292984008789 0.06256894588470459
1 0.5074986171722405 0.627751196622584 0.018100643157958986 0.06720939397759033
1 0.579915872390029 0.6059735963573323 0.018904315580843364 0.06260412259294888
2 0.47473304748535605 0.30950774749465965 0.00972385594742071 0.0415053167052991
2 0.6764124521744524 0.6865044832229601 0.019380941306196275 0.07776726722717278
0 0.5727298798070705 0.6291961215529427 0.006003621363896513 0.009937028464380404
