1 0.36911118905027096 0.6489187876161289 0.04743032927282506 0.12827310348724866
1 0.4257954597473145 0.395111665725708 0.032004356384277344 0.10965852737426758
1 0.6718141603469848 0.6086294031143189 0.0427382755279541 0.1278844165802002
1 0.23358534812927245 0.5368584632873535 0.03639440536499024 0.12801761627197267
1 0.5983009147644043 0.654787540435791 0.042810249328613284 0.1365800094604492
1 0.3074552929401398 0.35773019790649413 0.03880558252334595 0.11467155456542968
1 0.7028737449645996 0.09819523334503173 0.02276439666748047 0.08620728492736816
1 0.7643436861164403 0.4490512704849233 0.023813257242650213 0.1085616779327392
1 0.10710029244422913 0.18305420875549316 0.028765766620635985 0.08748594284057618
1 0.715231157541275 0.4088072967529297 0.02497342348098755 0.10253730773925782
1 0.7948657322056135 0.38887019784391086 0.0403569507598877 0.10077481269836426
1 0.8143755340576172 0.43988225936889647 0.027923583984375 0.10781314849853516
2 0.7125102484226227 0.34973751068115233 0.02652714967727661 0.10249786376953125
1 0.8750761032104493 0.1601877021789551 0.01799430847167969 0.09438112258911133
1 0.19536890387535094 0.15918604850769044 0.020882956981658936 0.045015716552734376
0 0.3672417371940918 0.6903909051674165 0.006121244530523684 0.017230169789621694
