1 0.6560105514526368 0.5552536725997925 0.01969566345214844 0.08651167869567872
1 0.31982863686993707 0.6406075668356115 0.020213008964370293 0.10210672378540037
1 0.8102139145123973 0.7432712721840518 0.03895004301965679 0.10781283378601074
1 0.833310942354793 0.9378121280670166 0.04540939331054687 0.12437574386596681
1 0.3703184041386831 0.8254113173490092 0.03957375585437919 0.12150932311588647
1 0.9428870252506468 0.5080067551133358 0.02425784006328173 0.08744493245708297
1 0.1799613857269287 0.693351035118103 0.0450444221496582 0.11052325248718262
2 0.6537568283081054 0.7158818435668945 0.04642219543457031 0.12008537292480469
1 0.2922720016548019 0.8115012359619135 0.02233019529940239 0.13508233546470208
1 0.37374116294160353 0.6705759477615356 0.024898041631884683 0.11146279335021975
1 0.7214156567312763 0.7369613909716086 0.025843772735899585 0.11493021965026859
1 0.48491168707430643 0.5766027963174674 0.01768247573913318 0.09545291663115206
1 0.40728550657778684 0.6059877908195438 0.021222637884629608 0.0655807566616318
1 0.4718405722810356 0.7332121300713191 0.023231904949255755 0.11354980468750002
1 0.49911536306202314 0.6840304183970538 0.029220938082940035 0.10267231941223154
1 0.6836177444458008 0.6103417015075684 0.023080062866210938 0.09662181854248048
1 0.4519996643066406 0.5812035369873046 0.022691726684570312 0.09058860778808593
1 0.7116506576538086 0.5831351709365845 0.026784896850585938 0.11028645515441894
1 0.4549843405154407 0.6582358300688529 0.032741737365722653 0.10087592840036069
0 0.3891961945398527 0.5827722502213898 0.006831707069261608 0.014574308414424704
2 0.9503562619633665 0.4231415431263828 0.017306991242128974 0.07449090967372494
