1 0.2951331613948952 0.5106364357458245 0.029801768956783728 0.09318792581293805
2 0.17140283584594737 0.44675827026155646 0.02277979403436736 0.08656364440494879
1 0.7432553967078028 0.4065897607782189 0.025935273313235595 0.07647267341190697
1 0.3820544111728668 0.37060935497283937 0.03236001253128052 0.08103400230407715
1 0.0898844909667969 0.32486791610717786 0.017039739186177478 0.08108402252197265
1 0.47513961509078373 0.5684186291689353 0.035109899044036864 0.10846405029296875
1 0.374783774240764 0.2695717549324035 0.02353353664070716 0.0778138208389282
1 0.48253996886417094 0.5100866150850722 0.031104051914519072 0.0917210578918457
1 0.3662960720062266 0.21096501231537307 0.02660703659057615 0.06360613106993776
1 0.44264996513635085 0.508575320243835 0.03273813217699852 0.0978074550628662
1 0.4315041422843933 0.4619226360321045 0.040585265159606934 0.07981290817260742
1 0.011110154800117017 0.9700593900680542 0.021649646759033202 0.0585135555267334
0 0.457271394492021 0.541469103620448 0.007287154207212298 0.015383992215226247
