1 0.2729066848754883 0.574460686577691 0.028464539845784505 0.15857103135850695
1 0.06789106527964274 0.42103700991030096 0.034435335795084634 0.1202612700285735
1 0.38817424774169923 0.3116164595992477 0.019062201182047527 0.07346852620442708
1 0.17246829668680827 0.2803776493778935 0.020573139190673828 0.08969465185094765
1 0.8334599812825522 0.28537903730841246 0.02162024180094402 0.08691723756669639
1 0.3569890022277832 0.5789660983615451 0.04304981231689453 0.1493140326605903
1 0.5304718017578124 0.3247173168041088 0.025839900970458983 0.09528110645435474
1 0.056409136454264326 0.3313015407986111 0.021968813737233483 0.09793596620912905
2 0.1031589905420939 0.3557888454861111 0.02311476071675618 0.11066959522388599
1 0.2619476795196533 0.30208288122106486 0.02750546137491862 0.09559701990198206
1 0.6862327575683593 0.3843647709599248 0.020831743876139328 0.11582531399197048
1 0.615821202596028 0.2560773342366928 0.017828178405761695 0.08259143375371801
0 0.8257916289013082 0.3193373442745924 0.006262398146822932 0.011578478351459474
