1 0.8408954620361329 0.31892290468569157 0.03051102956136068 0.07295882613570602
1 0.733794911702474 0.29128923769350407 0.029060173034667968 0.06540691234447338
1 0.740144920349121 0.6031045419198496 0.02515246073404948 0.08245171440972224
1 0.6887732187906902 0.20504893550166375 0.03134301503499349 0.061173940587926794
1 0.7179213205973306 0.39455091688368055 0.02419344584147136 0.07228229663990161
1 0.8305676778157554 0.47503662109375 0.02070916493733724 0.08606652153862847
2 0.49249579111735026 0.5175366436993635 0.02207075754801432 0.09209806654188368
1 0.17637297312418618 0.7932773166232638 0.024580097198486327 0.08791204381872106
1 0.6336225509643555 0.44192671599211514 0.02505556742350261 0.08706512451171874
1 0.0853540261586507 0.43310498838071465 0.021672940254211424 0.07742366084346065
1 0.7086400349934897 0.34949465151186343 0.021794509887695313 0.06934189973054108
1 0.40259971618652346 0.13390717683015047 0.01639731725056966 0.06798073097511574
1 0.13976106643676758 0.7441412466543693 0.026383074124654137 0.08798839427806714
1 0.880853271484375 0.44376718026620376 0.024641990661621094 0.07685566654911748
1 0.877679443359375 0.34172199390552666 0.027572441101074218 0.052262737132884846
1 0.7940357208251954 0.4677514252839265 0.01983788808186849 0.07894846598307291
1 0.8064758300781252 0.4525382713035301 0.02038548787434896 0.09002402976707176
0 0.7661001091532824 0.29979088142194327 0.007087875480203394 0.011550611893665064
1 0.1627358490566038 0.09713487071977639 0.018867924528301893 0.06289308176100629
