2 0.9723032009601593 0.5733531093597413 0.03635368585586548 0.14525541305541992
1 0.40197914251192385 0.5196485996246313 0.03284703130171049 0.1273454475402831
1 0.5588020133972168 0.4678424310684204 0.032990455627441406 0.0995946216583252
1 0.255815268681197 0.5998032999038696 0.038234985022249604 0.14069180488586425
1 0.4721579167379803 0.5394641853762497 0.03147233247756958 0.11921425819396975
1 0.7794258368015289 0.4012830114364624 0.030394489765167235 0.0886896800994873
1 0.6871473150334624 0.42600612277433625 0.027408599853515625 0.1121470069885254
1 0.4278701383624955 0.40220146775113463 0.030015796273054045 0.11052937269475274
1 0.7413673540973251 0.4859234063859622 0.02018221796027885 0.12180791516386408
1 0.6427582440335604 0.4957381423828916 0.02876622866770889 0.12371904791462217
1 0.6595074871362303 0.4689640179915249 0.02153854370117183 0.1274219125295555
1 0.7718955602576989 0.47526187715254536 0.025963337421418188 0.11434137707307529
1 0.5224947559723988 0.4566225862503048 0.026507737151596076 0.11415108680725079
1 0.509042496723451 0.4922547901848213 0.031237319507625236 0.132919133156576
1 0.515825729928254 0.5269886016845702 0.024889220075132817 0.12507049560546868
1 0.7529758880410575 0.46202266496206046 0.019815517526281367 0.1157390616620848
1 0.624756604306339 0.4775243493967634 0.023074445239517797 0.13568981084437398
0 0.5060360210916075 0.3337980085377072 0.008425772052089258 0.015788834115626572
