2 0.6715487981428854 0.6066016629166342 0.032322939823219765 0.1399283036797659
1 0.5663870028421542 0.433461224751123 0.03151293034658204 0.10753546788780052
1 0.45431868271232445 0.5174887210775596 0.048987419680737894 0.10664701364311015
1 0.8136630060086677 0.39277773304604774 0.030365311362418643 0.10221823329044652
1 0.8252192172169518 0.674658486014831 0.05104033368036005 0.16142013048597315
1 0.36057306925455734 0.6479938881453919 0.03514048258463541 0.14561921155643812
1 0.5503256479899089 0.51700439453125 0.03277104695638021 0.1144279197410301
1 0.8647405475333549 0.40273513841895 0.018159012161784692 0.10356086544286267
1 0.3194189707438153 0.6528283578378183 0.027188093651586375 0.13970890751591428
1 0.4899339047312889 0.3610216490763111 0.026475750303333337 0.09532355424752698
1 0.42846220235474647 0.48250167281539347 0.023099996637349143 0.12723891646773713
1 0.38776938372260056 0.558468203275274 0.034591326562596364 0.12014346812393124
1 0.8275688483883799 0.5622972276475693 0.019365506438526796 0.10919426812065955
1 0.3636489388629731 0.49514479508489356 0.03202139698369983 0.11074032477454532
1 0.6808428435663106 0.41249166370055207 0.021717585194223753 0.10333362443188696
1 0.37482711069525015 0.5534278248547249 0.06338161907843966 0.10468833971888516
1 0.6733550720085953 0.40410323174181045 0.015098704687884473 0.1018500193014024
0 0.3866513022884241 0.6022074584750444 0.011185606536094683 0.01664834461186195
