1 0.34237257639567065 0.6734358045789931 0.03705574671427409 0.1317429154007523
1 0.3414854350647218 0.39733599567275263 0.030436536499905104 0.09645693743670453
1 0.5887671152750652 0.6675443296079283 0.03465226491292318 0.12758625171802662
1 0.39666411081949865 0.5396196718569155 0.02707522710164388 0.10877685546875
1 0.7168318997076644 0.5157786544153431 0.025913029059678853 0.10425454598885996
1 0.0701379378636678 0.4396265100549769 0.03143982887268067 0.10028788248697916
1 0.6703055353221771 0.4750209667064509 0.02896211658409247 0.097457694474331
1 0.5082586875504351 0.41882858059786415 0.025515007772845 0.07991750778499324
1 0.4957638724169094 0.45437295013109646 0.02576523969273375 0.0880064787688079
1 0.8423225749276582 0.5471963880669649 0.019995193024591493 0.11400366889105915
1 0.032762916882832845 0.3237184877748842 0.02348637580871582 0.08034026534469038
1 0.9883049647013346 0.4048355667679398 0.02339007059733073 0.07831299393265335
1 0.4033788045247395 0.33758519490559896 0.023006089528401694 0.07635808874059606
1 0.42554454803466796 0.33257321958188657 0.030357742309570314 0.07305492824978299
1 0.1601606051127116 0.27064969098126446 0.018280585606892902 0.07823888990614149
2 0.2615869681040446 0.4552653559932002 0.022288099924723307 0.10017640855577258
1 0.41933852342310246 0.35333045309186006 0.023223931688403764 0.06703421989338397
0 0.4858664229181583 0.479701347754961 0.00819804848311402 0.013359782713222476
