1 0.8747535069783529 0.3855680112485533 0.04074249267578125 0.12149271081995079
1 0.7195109049479167 0.7681143301504629 0.054122543334960936 0.13180400707103587
1 0.5346562703450521 0.8118440416124132 0.04350363413492839 0.15178313078703703
1 0.3343833923339844 0.4357134783709491 0.035518550872802736 0.13302988123010706
1 0.8342199325561525 0.7773448802806713 0.04208501180013022 0.18002731888382523
1 0.48386669158935547 0.5794317174840856 0.03843202590942383 0.1465246695059317
1 0.4495029449462891 0.4139919422290943 0.04473749796549478 0.11990876374421296
1 0.5253444035847982 0.4426741140860099 0.03731969197591146 0.12949529577184607
1 0.7367969512939453 0.6180806477864583 0.03236878712972005 0.13890335648148147
2 0.9110478083292642 0.11317042598017939 0.03512407938639323 0.09801089675338179
1 0.8558773676554362 0.5659471299913195 0.0288421630859375 0.14104845965350116
1 0.975826644897461 0.604815673828125 0.04448827107747397 0.14936789053457755
0 0.24646226415094347 0.3885394828791054 0.014937106918239032 0.019566736547868592
