1 0.373353099822998 0.511061265733507 0.023933219909667968 0.09212632355866608
1 0.10834097862243654 0.41252079716435186 0.022447268168131515 0.08605937251338253
1 0.7865845362345378 0.7960636280201099 0.031621297200520836 0.12146357783564815
1 0.7230042775472004 0.4004911069516783 0.02490011850992839 0.08319450660988137
1 0.8835845311482747 0.4550298055013021 0.02608744303385417 0.0870224846733941
1 0.3365640322367351 0.29018356888382524 0.019409052530924478 0.06913200660988136
1 0.4996384302775065 0.293080817328559 0.018995285034179688 0.07894219292534722
1 0.25299204190572105 0.24090858742042823 0.020982011159261068 0.060907236735026044
1 0.8000898996988931 0.22264367562753182 0.024710337320963546 0.0633180406358507
1 0.18791743914286296 0.30924238982024016 0.030572446187337243 0.06959448920355903
1 0.3297515869140625 0.3644974320023148 0.019719378153483073 0.07540789003725405
1 0.9126698811848959 0.45196589717158564 0.026301892598470055 0.08862171879521123
1 0.46110121409098315 0.23289294772677951 0.018059317270914713 0.061748914365415214
1 0.7243675867716471 0.17815839979383682 0.02103360493977864 0.056859009354202836
1 0.8645796457926432 0.6177082203052663 0.030063184102376305 0.09449457239221644
1 0.541582743326823 0.3803320425528067 0.026679134368896483 0.0793974134657118
2 0.6480042775472006 0.3326320789478443 0.020792833964029946 0.07577808521412037
1 0.9110626220703125 0.38259667290581595 0.02442760467529297 0.07261451438621239
1 0.4061644236246745 0.318839603000217 0.024167188008626304 0.0704275060583044
1 0.6560679117838543 0.2933156896520544 0.01859569549560547 0.07017223216869213
2 0.2286349614461263 0.15636826974374277 0.015170828501383465 0.057369090892650465
1 0.35415732065836586 0.45213996039496523 0.022172069549560545 0.08869010077582465
0 0.19905647119015357 0.3348458365948304 0.006041568843434142 0.009369430641354128
