1 0.14701937039693194 0.595541438349971 0.04550891717274983 0.12783124005353008
1 0.09517689728327998 0.6272949754860417 0.040971982153026144 0.1202202067772041
1 0.9515655949869355 0.5487171314380778 0.038489364615801366 0.11461611147280071
1 0.7103398096671159 0.4473285696436644 0.02903042802051926 0.0933167719738242
1 0.5648492767358596 0.4706295640624116 0.03996887254448409 0.09009753867893407
2 0.14522536187429164 0.4014428420336934 0.025471583567417945 0.08576102186672944
1 0.3363878636641144 0.34719899495442674 0.019586168389269413 0.0810423956976996
1 0.9833469390869141 0.5167000664605035 0.033306121826171875 0.11784495600947627
1 0.6192050252303258 0.409917421694154 0.024632281958468227 0.09532589382595484
1 0.40538712462886833 0.3429427413440919 0.01664447398031973 0.08333211442553189
1 0.4413430213928223 0.36983549329969617 0.02452309926350911 0.09397125244140625
1 0.315822771702018 0.4117559079770692 0.02125073417991757 0.07772940176504632
0 0.24177447954813636 0.492091539171007 0.01155233383178711 0.020478538230613425
1 0.3102678095438149 0.33351205896448205 0.020832180010888036 0.07433488633897573
1 0.4673288505468067 0.3623651615827372 0.020801222197010014 0.08819973664022841
1 0.2858985402351298 0.39713493629738134 0.022622367110713616 0.0927270959924768
1 0.2778270268659695 0.4068911923790207 0.02067525073307848 0.08341240845601591
