1 0.4918018341064453 0.5468668619791667 0.0391546885172526 0.10256907145182291
1 0.14828758239746095 0.44114580507631657 0.03151842753092448 0.0901304456922743
1 0.3681573232014974 0.5730415626808449 0.050739097595214847 0.11177034731264468
1 0.0884186585744222 0.7838053385416667 0.05513406991958618 0.13172483091001158
1 0.486572774251302 0.4415531864872685 0.03941812515258789 0.09784839771412036
1 0.24055299758911133 0.5168296531394677 0.04431915283203125 0.10726097954644097
1 0.1784917195638021 0.8549909803602431 0.048711395263671874 0.14203785083912038
1 0.3031845728556315 0.4317625822844328 0.03669684727986654 0.09346129805953414
1 0.18793668746948242 0.409242418077257 0.03046727180480957 0.08306339405201099
0 0.31694536466416423 0.4671829037945689 0.01198175794925465 0.014200602013931488
