1 0.8244077682495117 0.5679515132197628 0.04699083964029948 0.13634733977141203
1 0.38829781214396164 0.46611203794126155 0.03933874766031901 0.13475875854492186
1 0.7921602249145507 0.45254061663592304 0.04322458902994792 0.12726299144603587
1 0.30642385482788087 0.4300958138925058 0.061209996541341155 0.12877171834309895
1 0.7519078572591146 0.444274506745515 0.03483371734619141 0.09963062427662037
1 0.03237271308898926 0.4417607342755353 0.031194645166397094 0.12907324896918404
1 0.6609466552734375 0.3848656548394097 0.04023755391438802 0.10237180921766492
1 0.5179078737894695 0.39718582718460643 0.028491783142089843 0.10477399472837094
1 0.741366958618164 0.3722369723849826 0.046932029724121097 0.10264756944444445
2 0.04330794016520183 0.34169481065538193 0.0324477752049764 0.10063804343894675
1 0.010224594672520954 0.35164614076967593 0.020449189345041908 0.10860536363389757
1 0.540896479288737 0.39760295726634837 0.02096109390258789 0.11580892492223668
1 0.5229861895243327 0.2948119552047164 0.02623920440673828 0.07549941451461227
1 0.4591194968553459 0.31865828092243187 0.04874213836477985 0.06708595387840674
1 0.5239779874213836 0.3570929419986025 0.03537735849056604 0.10482180293501059
