1 0.7491919199625652 0.3977935508445457 0.03237069447835286 0.09711654097945602
1 0.8913443247477214 0.2817079332139757 0.02924518585205078 0.09992294311523438
1 0.9841445922851564 0.8604348076714409 0.03171075185139974 0.14916427047164352
2 0.6111909980088645 0.8129177517361111 0.034505231084462004 0.1314254760742187
1 0.4266708276181403 0.4585132175021701 0.035116787451707605 0.11557831940827548
1 0.5017749794752517 0.4239534325514015 0.03861107618747065 0.0986064161147098
1 0.5097747027916829 0.07281276631781429 0.020454286722270263 0.08230768415358383
1 0.25564155578613285 0.5415918420862268 0.036431105931599934 0.10556821469907407
1 0.3755662282307943 0.43157834653501154 0.03841581344604492 0.08197275797526044
1 0.47689542770385734 0.6051903053566261 0.02494767506917318 0.11590723108362269
1 0.5183698170193716 0.5744497277763516 0.029575886887053218 0.09729695822152254
1 0.46256222113877726 0.4016087494945549 0.0258497042475116 0.08138690453565448
1 0.4848271369934083 0.39559122721354184 0.022786966959635425 0.08240727918484757
1 0.488379329293073 0.46582776511051244 0.032388370041838456 0.06103795298400565
1 0.39820887247721354 0.4333330225061487 0.026946544647216797 0.09360097249348959
1 0.4615024892536701 0.5425719258504474 0.023831645447812588 0.10526138694832665
1 0.4971870423257317 0.5785168340194556 0.03478626061954224 0.12398050905924723
1 0.45588224445274306 0.47188195339193606 0.027402611273729213 0.0886941371976089
1 0.4670356294399683 0.5439671355801872 0.0419872160966793 0.09514653858786279
1 0.5059049808515124 0.5334320258666922 0.051020332503487274 0.11074593147943565
2 0.5003434320559077 0.05510910369204275 0.015706094552232167 0.05241488084487621
0 0.4880217393376897 0.4771198950746558 0.011613902017744593 0.0246953559244416
1 0.4684375124058066 0.434004232681983 0.01935650336290763 0.050200395649684565
