1 0.8306853612263997 0.7183337176287615 0.021259307861328125 0.07366689046223958
1 0.9578933715820312 0.5217732747395833 0.023228136698404945 0.0621429443359375
2 0.8605277379353841 0.4897122983579283 0.020391464233398438 0.06180202342845775
1 0.7914670944213867 0.7510545518663194 0.023069381713867188 0.07686377631293403
1 0.09104085763295493 0.5360538623951099 0.019739548365275066 0.06203455041956019
1 0.9780563354492188 0.6386036060474537 0.019385019938151043 0.07282268382884838
1 0.660264269510905 0.652418687608507 0.018993504842122397 0.06992142288773148
1 0.8296319325764974 0.4462387650101273 0.018076769510904946 0.0530079029224537
1 0.345909055074056 0.5404031259042246 0.018841044108072916 0.06348633942780671
1 0.6577035268147786 0.5686947857892072 0.01777820587158203 0.06716353804976852
1 0.6270693461100261 0.5168934009693288 0.017531394958496094 0.07286495632595485
1 0.5882511774698893 0.6501924302842882 0.018213907877604168 0.07538090458622686
1 0.7812368392944335 0.5946182250976562 0.017445882161458332 0.06452376754195602
1 0.7930812835693359 0.529629968713831 0.018524996439615884 0.0584673281069155
1 0.7775746027628582 0.4741005226417825 0.017180760701497395 0.059052248354311346
1 0.9475209554036459 0.4437217429832176 0.02040271759033203 0.0571131670916522
2 0.38708883921305337 0.28481123182508683 0.012638123830159505 0.042049068874782984
1 0.9941308339436848 0.5964155409071181 0.011738268534342448 0.07502424452039931
0 0.09494433752752014 0.5371997609465923 0.006345894024975678 0.013017218512770512
