1 0.6089171091715495 0.5348092538339121 0.029220453898111978 0.09250708685980903
1 0.2362356503804525 0.705542896412037 0.03095224698384603 0.11511716489438656
1 0.23334617614746095 0.39479228832103597 0.025148979822794595 0.08278446903935185
1 0.5607064565022787 0.44510204173900464 0.030333646138509116 0.08017513133861401
1 0.22866687774658204 0.5062528822157119 0.03128771781921387 0.09516205964265048
1 0.06254844268163046 0.4543238321940104 0.029865527153015138 0.09016381722909433
1 0.3703775405883789 0.360826336895978 0.02899033228556315 0.0747817145453559
1 0.3042237917582194 0.5253985369646991 0.024601300557454422 0.09124473289207176
1 0.7917821248372395 0.3928836681224682 0.020652961730957032 0.07332102457682292
1 0.41012210845947267 0.353429780183015 0.026623407999674484 0.06149057458948206
1 0.5141964912414551 0.5324661820023148 0.025987815856933594 0.09510797571252894
1 0.3914309183756511 0.3880112824616609 0.02588993708292643 0.08005204377350986
1 0.47920564015706374 0.44205313788519957 0.02906545003255208 0.08198168719256366
2 0.021734615166982017 0.41424549244068287 0.02620356877644857 0.09056111088505497
1 0.4439978917439779 0.3617083514178241 0.03187634150187175 0.0738689281322338
0 0.4194559604522324 0.37622015867199665 0.00878662249612006 0.0121494039452525
