1 0.8562007861462773 0.5602610063552854 0.031411980041185956 0.09992714881896968
1 0.48694363951683045 0.7625771331787109 0.029744975566864014 0.12581634521484375
1 0.6894084345707661 0.7346492846415691 0.03496237528137711 0.12256303461516939
1 0.4792552757263184 0.5643680334091187 0.02555370330810547 0.10573763847351074
1 0.9301231002807617 0.6732076978683472 0.027074050903320313 0.11604811668395996
1 0.8822152709960938 0.7077195072174072 0.03070526123046875 0.12311876296997071
1 0.4795676040649414 0.423517632484436 0.023099136352539063 0.09505658149719239
1 0.24611984729766845 0.5365261697769165 0.024195528030395506 0.10681401252746582
1 0.2619366093304735 0.3743348064744066 0.02079459750116242 0.0858668804168701
1 0.5483567237854003 0.4285413694381714 0.021426582336425783 0.09122817039489746
1 0.21273202628674137 0.36900375600235963 0.02399234842209203 0.08939632415771484
1 0.9552121555805206 0.950101752281189 0.038582422733306886 0.09847315788269043
1 0.7570867419242859 0.43687355518341064 0.02169164180755615 0.09048066139221192
1 0.6007252252101877 0.3433519854412668 0.021221034526824886 0.08478024199283311
2 0.7732000482082367 0.491209135055542 0.022358195781707765 0.09643232345581054
1 0.9334616088867187 0.5640135049819947 0.0300567626953125 0.09243718147277832
1 0.4658487123250957 0.3258921989027317 0.017196844816207868 0.08284670189546456
2 0.23050611995619427 0.301469710750794 0.02514043505299002 0.06616734203381258
1 0.7623761180983278 0.3242464213664118 0.024901665622484474 0.06689294907513034
1 0.7882715454624268 0.329704211748515 0.019664353044238338 0.06855728947578411
1 0.9234217071533203 0.623579454421997 0.0261749267578125 0.10138193130493164
