1 0.422217955912234 0.5967602700105039 0.021486064320540364 0.09161270426415329
1 0.9814876556396483 0.6361283478913484 0.03637739817301432 0.09203965928819445
1 0.7337896982828777 0.8669452808521412 0.03964379628499349 0.10445788348162616
1 0.9840622584025066 0.23520934493453413 0.021114349365234375 0.07206805193865741
1 0.6562567392985027 0.3489709924768518 0.026321601867675782 0.07543931183991609
1 0.9427733739217122 0.329226232458044 0.022773361206054686 0.07742168285228589
1 0.2820976943767794 0.8353856794703833 0.030195051233623572 0.1034950538917824
1 0.7749650319417318 0.07290734185112846 0.01885064442952474 0.05474898020426432
1 0.8838348388671875 0.11499652156123409 0.01785933176676432 0.05511053579824942
0 0.31785799662272135 0.7811104103370948 0.013107744852701823 0.022991208676938654
2 0.8930959065755207 0.2976107562029803 0.01837304433186849 0.07256034568504051
