1 0.33421796162923173 0.6554763228804977 0.05886046091715494 0.1470148722330729
1 0.6921749114990234 0.5559112548828125 0.03035144805908203 0.12113003200954861
1 0.6029342651367187 0.6048176518192997 0.03296025594075521 0.14180546513310185
1 0.2226849873860677 0.4578035707826968 0.046843528747558594 0.10817184448242187
1 0.5018027623494467 0.4719584712275752 0.040091419219970705 0.1156452320240162
1 0.27886037826538085 0.47193010118272577 0.030487632751464842 0.11705353348343461
1 0.2551844278971354 0.6193377459490741 0.035246960322062176 0.13998379177517362
1 0.6547111511230469 0.5135986893265335 0.037685585021972653 0.10856834694191261
1 0.08888596693674725 0.9247172602900753 0.060008732477823894 0.14924644187644676
1 0.3952170054117839 0.9034389354564525 0.043440596262613936 0.18508153844762731
1 0.18296462694803872 0.5800295794451678 0.028302733103434244 0.1286349826388889
1 0.04697603384653728 0.4750311392324943 0.029161902268727623 0.11012188946759259
1 0.1079214096069336 0.5284789473922165 0.03365000089009603 0.12628340544524017
1 0.7105185190836589 0.4810693811487268 0.039172935485839847 0.05037830494068287
1 0.12694907188415527 0.504632059733073 0.022329274813334146 0.12373046875
0 0.8034591194968553 0.46960167714884693 0.011006289308176207 0.01677148846960172
