1 0.6892639735181362 0.7359507242838537 0.06278649591620017 0.18728507713035278
1 0.48232300468675526 0.4990202216007754 0.03635671418163555 0.159456210666232
1 0.7652090708414713 0.510558686433015 0.03726545969645182 0.1462450945818866
1 0.3827234384944169 0.5930708143446181 0.036935914632781515 0.16035998309100127
1 0.6214427947998047 0.41049731219256363 0.036096382141113284 0.14183521977177374
1 0.5382480726577153 0.7131230618193609 0.04719635830046984 0.18097664161964608
1 0.9769092037408966 0.3463589475031925 0.0336283835671274 0.13037928828486664
1 0.8379190035918205 0.28156890869140605 0.032385768608328445 0.10918735928005635
1 0.7489874521891277 0.6771270751953125 0.040940411885579425 0.17980990939670138
1 0.29046523339017527 0.5941801463115957 0.05273842855385462 0.1204875804759837
1 0.3660460275731011 0.47451804832175826 0.0557785744822947 0.14170515272352363
2 0.6479215796083401 0.24250955602164853 0.029644619482793632 0.0861551147604927
1 0.3275229362903865 0.5861683022527199 0.05444786594739086 0.0972967530446921
1 0.9924555778503417 0.4376088327201313 0.015088844299316406 0.11230974550600405
