1 0.3047524770100911 0.6868598090277779 0.03752285639444987 0.14996230513961226
1 0.14266506830851236 0.5282506306966145 0.028364022572835282 0.12413304646809896
1 0.8936826705932619 0.4529967979148582 0.03878949483235677 0.1115460996274595
2 0.7602087656656902 0.5254688969364874 0.027281125386555985 0.12810035988136573
1 0.500814733612365 0.3825312494985889 0.039546304695846725 0.0911132361662347
1 0.49650529645361735 0.4528954399956585 0.044182849376961056 0.09616314923321745
1 0.5866859593856057 0.3842132003219039 0.02572917021071421 0.07122234768337667
1 0.21383581240457897 0.5193421243829616 0.02899514830659462 0.10974697817634943
1 0.8589580535888672 0.6090686939380787 0.03798821767171224 0.14188797562210648
1 0.5371075866822739 0.44908701578775834 0.04369950258817987 0.10839742024739557
1 0.960616175333659 0.3933681346752026 0.026325670878092445 0.10680457221137153
1 0.5486647757697795 0.38615936901565534 0.021408429306486867 0.066643627037751
1 0.8427069346110027 0.6150228994864004 0.03510265350341797 0.1384873001663773
1 0.21590606409327812 0.48377687917892814 0.04044790192412112 0.11929040635228738
2 0.6155571736290447 0.3081016973585821 0.020273075630544913 0.08482271269955563
1 0.993752924601237 0.8454378481264467 0.012118848164876302 0.15727109555844906
