2 0.10145296255747477 0.6389750162760417 0.030402755737304686 0.1257356431749132
1 0.4061023076375325 0.5477064909758391 0.0333555539449056 0.09225599500868055
1 0.08451082706451415 0.8023568612557871 0.04041181802749634 0.13519326669198495
1 0.41256374362249754 0.4309308065222223 0.030730724334716797 0.08265132197627315
1 0.6052514394124349 0.9155250266746239 0.0419888178507487 0.16034986707899307
1 0.1984866142272949 0.44405314127604173 0.03198361396789551 0.07832051029911748
1 0.13045830726623536 0.6469553064416956 0.03508882522583008 0.12874009874131945
1 0.62017396291097 0.6200489750614873 0.038751983642578126 0.10178064416956019
1 0.2936144510904948 0.42970030042860247 0.036113643646240236 0.07007683648003472
1 0.1725250562032064 0.46877673113787616 0.028299808502197266 0.09268900553385416
1 0.6387904485066732 0.4035874543366609 0.02746645609537761 0.0804297270598235
1 0.543033218383789 0.5091614334671586 0.030861727396647134 0.07905163235134549
1 0.4766954104105632 0.48713520191333914 0.025806109110514328 0.09748328880027488
1 0.2820966084798177 0.41685265435112845 0.020670986175537108 0.08553972597475407
1 0.5534921010335286 0.45708756623444735 0.020862325032552084 0.07308377866391783
1 0.9487164815266926 0.5387637103045428 0.02394358317057292 0.1221793845847801
1 0.9925589879353842 0.9044496889467593 0.013851547241210937 0.1466459486219618
1 0.4690615336100261 0.44447586624710644 0.021627012888590494 0.0794592680754485
1 0.5642962137858072 0.4407645896629051 0.020450146993001305 0.07702068752712674
0 0.42211857332984437 0.44154292793608135 0.013756833200996112 0.019723058352682656
