1 0.6177665074666341 0.7487373069480614 0.04630610148111979 0.13517354329427084
1 0.31828673680623376 0.5764567057291666 0.03225072224934896 0.11811772099247685
1 0.6342812402211007 0.44229327001009616 0.04265309279290253 0.09959254961442104
1 0.5294326146443685 0.4366958900734231 0.04608068466186523 0.0964990121346933
1 0.8779753957930825 0.45880036511801153 0.02999691690640225 0.11258318865740705
1 0.7470802420585737 0.5020002011899568 0.028685873742599215 0.0973087853591194
1 0.8011831692438527 0.39099948615278557 0.027132115863309693 0.10825215092411736
1 0.916337099514284 0.28018865027582796 0.02325651958964486 0.10030629193341283
1 0.6929870310056385 0.3438177359711582 0.017548637949642034 0.09691543579101557
1 0.7656268028834242 0.30808778785005553 0.01719441141323895 0.09267405757197596
1 0.23964578195466338 0.366085958112809 0.03124673599688417 0.08518091837565085
1 0.6661113375102604 0.42260323565153435 0.027103287711771794 0.10734250940981797
2 0.9867969902387705 0.1619839157218795 0.013406808209321172 0.08222572141243106
1 0.9941621780395508 0.3736712420428241 0.011675643920898437 0.10591326113100404
1 0.6663133715377876 0.3876156518790581 0.0278575083724148 0.09458075629340251
1 0.46671314239501954 0.17976769341362847 0.020726108551025392 0.056980274341724535
0 0.6413160454907111 0.4843488742251498 0.010636852613776844 0.014886564414552685
