1 0.45686778399501576 0.4098600837789062 0.03292119147259967 0.095460284197772
1 0.7725618923483808 0.4685076024536458 0.02134108330045602 0.10812979804144957
2 0.403898517765454 0.4480896949246527 0.02712112256077481 0.10237573694299769
1 0.0742657238052916 0.5571098410124501 0.027286700509742672 0.10990076855791414
1 0.36069844065629886 0.564378748103631 0.02392189989153675 0.10633041946976272
1 0.06214050560860212 0.418633053459368 0.022216464139471252 0.10185524269386581
1 0.044082644344693896 0.34117868699202075 0.023185362328477788 0.09481780541024194
1 0.35145486195882164 0.37503520824291087 0.024719969431559245 0.08742034346969038
1 0.2615486145019531 0.2959969414605035 0.020387331644694015 0.08219533849645544
1 0.7478111341815666 0.3743958018248629 0.02219468041020505 0.08888765169618025
1 0.30345802307128905 0.33823276095920135 0.02256625493367513 0.08492940266927083
0 0.5458504750398503 0.38057931982872306 0.009162960299647662 0.01728730402738189
2 0.14053715084194113 0.24187947850883362 0.019052435018072297 0.07681928800905907
1 0.5294831403883195 0.34917649555941355 0.0191671811973771 0.08048212025788541
1 0.50515767198812 0.3352047908658848 0.02008377262139445 0.09389526932327835
1 0.30712067286173506 0.25699482670536744 0.028585751851399735 0.08733836986400463
1 0.995163091023763 0.7606280291521991 0.009673754374186197 0.11093947799117476
1 0.5165483815965372 0.3583284216314525 0.029215030713862597 0.0651283929846952
1 0.032724163908278106 0.34284240659991766 0.0008215271274044733 0.0009736617806275661
