1 0.7671182916392791 0.45115774178330414 0.025395960934384076 0.10161754655488962
1 0.5335454711381064 0.540405101776123 0.02948719767800749 0.11676166534423826
1 0.3404754130764154 0.6018322563171387 0.030901372204282823 0.13436161041259745
1 0.2987295721819297 0.5170448337831145 0.0302965543370037 0.11640500330168599
1 0.2872213953859546 0.6425986433029167 0.035593036438414535 0.11605574607849103
1 0.6326342032564836 0.3952732765703677 0.019960041401151696 0.09896318196668591
1 0.5594096122649365 0.6072018718719475 0.037246715007904184 0.11249067306518536
1 0.4892136600550536 0.4918106269836426 0.025888562329037124 0.1175660324096679
1 0.9848844097777565 0.5763695580884898 0.030231180444477136 0.1181324114650688
2 0.8916574224962612 0.30164285801352925 0.021799512879422757 0.08859178149272764
1 0.41556482315063475 0.5781143522262573 0.023798179626464844 0.11604376792907715
2 0.9714618875285769 0.5323027849197373 0.02333858456198111 0.11903695106506318
1 0.4335569876558523 0.5790119504928589 0.022718528534361536 0.1275726222991943
1 0.40345571886993375 0.4969736436637446 0.02272457830444248 0.10849440646811544
1 0.4448245525360104 0.4866292927224435 0.026836299896240246 0.1107051162859341
1 0.4413509518052422 0.4551112049102727 0.03353404922552599 0.11101975480559624
