1 0.6426893876069079 0.49779957771301203 0.040751637222953406 0.10179231643676749
1 0.43321086883544924 0.3556115770339966 0.0255584716796875 0.08577397346496582
1 0.6695421938215241 0.7541526079177856 0.033474177496722754 0.12605896949768058
2 0.9762437820434571 0.872323923110962 0.04532966613769531 0.1260576057434082
1 0.020322214737534525 0.5995804738998413 0.03896626472473144 0.11176989555358886
1 0.24456925292595638 0.2654987525939943 0.027145288383651062 0.08579509735107421
1 0.5465801012516022 0.5700259637832642 0.027634079456329345 0.10589497566223144
2 0.1487470006942749 0.4935984945297241 0.04719010353088379 0.11401934623718261
1 0.32333059310913087 0.45724863052368164 0.03076305389404297 0.1050955581665039
1 0.23834365844726563 0.7013926887512207 0.02932910919189453 0.1274532699584961
1 0.5669202355526616 0.488788170474245 0.01795810857209335 0.11264210632935305
1 0.3652913912205882 0.5062356187717224 0.03475496052153688 0.09890446025749303
1 0.4823173846779704 0.4530597829818725 0.0196286658403163 0.0955981731414795
1 0.010236855745315552 0.5102839231491089 0.020473711490631104 0.10949164390563965
1 0.3451162904513807 0.4540220062874301 0.02647930026311398 0.1076977143570873
1 0.9946323525905609 0.3807897901535034 0.01073519468307495 0.1078299617767334
0 0.5311731338500977 0.4731812965869904 0.01421661376953125 0.02010786294937134
