1 0.49183292388916017 0.542767333984375 0.04193401336669922 0.12343625669126157
1 0.46634184519449867 0.7619800708912037 0.032985687255859375 0.13796646683304398
1 0.28469613393147786 0.5084043149594908 0.03578653335571289 0.10993126763237847
1 0.22533516883850097 0.443258214879919 0.028626346588134767 0.10242558232060185
1 0.36265160242716477 0.6266161883318866 0.03142420450846354 0.12356115270543981
1 0.13947046597798665 0.5015555487738715 0.02922544479370117 0.11779087207935475
1 0.5760830561319987 0.6591291639539931 0.03458760579427083 0.12329954924406829
1 0.07536880970001221 0.5864758526837385 0.030052816867828368 0.12740128128616898
1 0.3884461085001628 0.4579688178168403 0.029367637634277344 0.11892623901367187
1 0.6930554707845054 0.4638510527434172 0.022075780232747397 0.09287759286385995
1 0.6517914454142252 0.8700621428313079 0.053899383544921874 0.15943852177372686
1 0.5919127782185872 0.7928426671911168 0.03777745564778646 0.13249455204716434
1 0.5835865656534831 0.7328884548611111 0.03289604187011719 0.12233428955078125
1 0.3676966985066732 0.47142828482168697 0.03461888631184896 0.08758629692925349
1 0.2612849871317546 0.9724973325376156 0.039523013432820636 0.05500522189670139
2 0.06878930817610063 0.5178197064989518 0.022798742138364768 0.06009783368273936
