1 0.6612230936686199 0.6812870166919849 0.029798316955566406 0.12703235767505788
1 0.8683568180107063 0.5127919587393127 0.026112559731609038 0.10416474518952533
1 0.4896355628967286 0.6924653229890047 0.02962195078531901 0.12835461651837385
1 0.21632868448893228 0.4229265566225405 0.025445032119750976 0.09601375438548901
1 0.4763169606526692 0.5594858805338542 0.023783143361409506 0.1064287538881655
1 0.8233153233175979 0.4642679705422046 0.021619440562234166 0.10520197550455729
1 0.6613410401389825 0.37796743628284607 0.01649980169012215 0.08475744033081387
1 0.37236353648643294 0.3244545298308142 0.024924815597115405 0.07749758229362388
1 0.18892838160196937 0.330698988172743 0.02341176668802897 0.07745957551179108
1 0.7469932694730163 0.42377468011838715 0.02260789791266931 0.08714201185438376
1 0.9758987426757812 0.5590116712782118 0.029895782470703125 0.10965146665219909
1 0.028483094771703087 0.3829164010507089 0.021012524763743087 0.08805089879918981
1 0.4771568907963055 0.3333895327098015 0.022913517387097057 0.08042653401692695
2 0.39240703582763664 0.45024351897063075 0.02248624165852865 0.08852245189525464
1 0.4544711430867512 0.3127752227963303 0.01831209900335586 0.06954184638129324
1 0.25635029474894205 0.27280714246961807 0.019495010375976562 0.07781431410047743
1 0.3972052892049153 0.3968544288917824 0.02397893269856771 0.07418286358868634
0 0.3886975513604103 0.35351343182589695 0.007211319406737055 0.012568748421328485
