1 0.4718361347564769 0.4200018564860026 0.03289648408912105 0.09916766484578449
1 0.6491547702905445 0.45772673288981125 0.036479726608240635 0.09339205423990887
2 0.8883068075783079 0.5687272389729818 0.026913573646992095 0.1203398068745931
1 0.6371755845652811 0.6370048522949219 0.05178154045301522 0.14408124287923177
1 0.7408071334803132 0.4555715878804525 0.028055016832552692 0.11017837524414062
1 0.7100926353315018 0.5007877026593712 0.02733434688000251 0.1157847415216711
1 0.6647749103483607 0.5444347381591796 0.05091432665215164 0.10190652211507162
1 0.9090630488875878 0.5066335360209147 0.0224517893735363 0.10598595937093097
1 0.9206472213709382 0.4649316151936849 0.023016829122145786 0.10397310256958008
1 0.9193917124835334 0.3967254002888997 0.02278076457753952 0.08935384750366211
1 0.9316606365266392 0.42054850260416665 0.019370228680291278 0.09955972035725912
1 0.726498105766064 0.4417539914449056 0.021386032640515223 0.11034774780273438
1 0.6835621596775612 0.5383051967799624 0.046842738138236355 0.04167051913547295
