1 0.32387914657592776 0.6771103470413773 0.033665974934895836 0.1194234777379919
1 0.6384562174479167 0.5240029794198496 0.03383928934733073 0.1091943246346933
1 0.08772363662719726 0.7032019721137154 0.04202973047892253 0.13190957528573496
1 0.4931177457173665 0.45117379647714123 0.036726188659667966 0.1074817798755787
1 0.20790414810180663 0.582113195348669 0.0344912846883138 0.11645038746021412
1 0.36762399673461915 0.45692545572916665 0.03154309590657552 0.10742885448314525
1 0.3937502543131511 0.5441838017216436 0.02720219294230143 0.12048322889539931
1 0.15135291417439778 0.5097624037000869 0.028824758529663087 0.11937041106047454
1 0.33994668324788413 0.5737227828414351 0.030428377787272132 0.10927779586226852
1 0.08392373720804852 0.5143093532986112 0.03303680419921875 0.1220009132667824
1 0.19741538365681965 0.5390884964554398 0.03616415659586589 0.11059287742332176
1 0.12543423970540366 0.594335033275463 0.021669228871663407 0.12160729302300347
1 0.11159480412801108 0.5406687418619792 0.028278938929239907 0.11987242522063077
1 0.7286779403686523 0.45463675039785884 0.031626256306966145 0.10164368240921587
1 0.12015483379364014 0.4864509865089699 0.024618244171142577 0.09486753675672743
1 0.12665903342313015 0.5143294807993045 0.02085561752319336 0.10942747328016494
0 0.569165293375651 0.38474954675745077 0.009887631734212239 0.02031453450520833
0 0.8482704402515724 0.512229210342418 0.017295597484276753 0.018169112508735097
