1 0.15979013442993162 0.7320553249782986 0.034233935674031574 0.10675088387948495
1 0.15591610272725423 0.40150516651294843 0.02313512166341146 0.08363217954282408
1 0.25759334564208985 0.49048004150390623 0.02528376579284668 0.08423131306966146
1 0.17467549641927083 0.29307561803747106 0.020283428827921546 0.07055022628219039
2 0.04039200146993001 0.5526099876121238 0.02951845725377401 0.1008514404296875
1 0.3222356796264648 0.457144617151331 0.021860567728678382 0.08069692541051793
1 0.02292664249738057 0.26731719970703127 0.02279615799585978 0.07536861278392651
1 0.6906129837036132 0.6892982765480323 0.027615229288736984 0.08995621292679398
2 0.895685831705729 0.6993421766493055 0.02848822275797526 0.1034109044958044
1 0.7104339599609374 0.6320414225260417 0.026272455851236984 0.08987031159577547
1 0.022979001204172768 0.34690633703161167 0.021902106205622354 0.08388151945891203
1 0.14391736984252929 0.3197417647750289 0.023361579577128092 0.07594686437536169
1 0.39172188440958655 0.29775452790436924 0.022014363606770834 0.08142296119972511
1 0.8129419962565104 0.6607397008825231 0.033605766296386716 0.08997186731409142
1 0.14653549194335938 0.2901434439199942 0.01859485308329264 0.05762179339373554
1 0.8203394571940104 0.7244758888527199 0.0381130854288737 0.05924507423683449
1 0.9873047510782876 0.6442812884295429 0.02034823099772136 0.0900069625289352
0 0.8255058518252963 0.686648348400611 0.009108942759015406 0.011777218920746884
