1 0.4723127819909881 0.6979932170074106 0.053712559494733636 0.13879637718200688
1 0.8429068794638431 0.457304809173403 0.04302338417182617 0.11590988620031598
1 0.7624399843466457 0.5256658363342287 0.026777930287191384 0.11328922271728516
1 0.6245346009731298 0.580375008583069 0.025641383237361134 0.12803006172180173
1 0.4561969592126783 0.5525741767883302 0.030629697233948514 0.1323391342163086
1 0.3869042040719816 0.5764112520217896 0.03668591574168191 0.11067414283752437
1 0.5744621828960188 0.38182827045131873 0.02338976092096624 0.10464359283447269
1 0.4214938480078153 0.4490587608574461 0.03166277536133366 0.1079309067246575
1 0.9862565040969088 0.7073490619659424 0.027391319198760276 0.13831804275512696
2 0.6204501592280526 0.8147040987014773 0.03666630966704181 0.15874108314514151
1 0.37267282485961917 0.37541484355926513 0.03019657135009766 0.09631087303161621
1 0.9675697326660156 0.4021279140678835 0.023081207275390606 0.13741489482565872
1 0.2849752738168759 0.4632651168740592 0.0790328685905936 0.05273228990300487
1 0.3804169845581057 0.5204227777233121 0.037791061401367176 0.11946257509994561
2 0.6409050986625346 0.813469306580939 0.002727900632756004 0.0021553782777333197
