1 0.7432270685831704 0.5971375641999421 0.02429262797037761 0.06885878951461227
1 0.9076274871826172 0.6087461118344908 0.020676485697428384 0.06560109456380209
1 0.5415543874104817 0.6703528510199652 0.027298386891682944 0.07868940565321181
1 0.6110026041666667 0.7568116929796007 0.02711550394694011 0.0765228271484375
1 0.5555109659830728 0.538344884801794 0.024066480000813805 0.06187308982566551
1 0.6846839904785156 0.557134218569155 0.02898184458414714 0.0522186279296875
1 0.44458344777425124 0.41270785861545145 0.021247037251790366 0.0528733147515191
1 0.8921040217081705 0.2893515127676504 0.01876856486002604 0.05172418665002893
1 0.9420328776041668 0.42082802101417827 0.02020308176676432 0.05607870596426505
1 0.5970905303955079 0.3332986337167245 0.016927528381347656 0.04690288967556423
1 0.5418958028157551 0.4163547657154224 0.02181838353474935 0.04965501008210358
1 0.7655406951904297 0.6237943296079282 0.021051851908365882 0.068317950213397
1 0.5990008036295573 0.25322356047453703 0.016297276814778647 0.04024665267379195
1 0.960849126180013 0.4575167338053385 0.01875133514404297 0.06229604085286458
1 0.7089263280232747 0.5250508626302084 0.020888773600260414 0.05689516420717593
2 0.8153092702229817 0.45309516059027777 0.015608278910319011 0.056899346245659725
1 0.6302696228027344 0.5379850034360532 0.021728324890136718 0.047931077745225696
2 0.22435967127482098 0.13111952322500722 0.016361188888549805 0.04189785851372613
0 0.6209270015248852 0.5508086712099431 0.00843160744577176 0.015778446682146098
