1 0.05296986390680331 0.5292680528428805 0.020323784827647143 0.10546496355975092
1 0.08257464102317089 0.5799493375100669 0.03198294900674015 0.0988170482494212
1 0.09594557405664976 0.39313881671211803 0.019812210082468876 0.07293957492601492
1 0.01983083706040644 0.4252272509215236 0.02581300588581613 0.07619993421766469
1 0.8825822830200195 0.5550574408637153 0.031293360392252605 0.09743867097077547
1 0.16835075104423247 0.41316969129774067 0.01874951144565569 0.06393763224283835
1 0.13182906084972768 0.4106441356517632 0.02228559976882567 0.07047975328233491
1 0.579939329098935 0.4730146547551388 0.02888684567494977 0.06920898346169536
1 0.34158472559942693 0.4804269296151568 0.01692688307612015 0.08754467434353266
1 0.2567435608142218 0.40764169851109133 0.029361273220992305 0.070813294829104
1 0.2815111114258721 0.41491259208544234 0.01971626260509573 0.0674802144368488
0 0.5343830412832601 0.48862261631339393 0.007119901770838695 0.012170772257844078
1 0.5703933137011561 0.46233374823645085 0.018347439178699857 0.07059047909549535
