1 0.6166982001752974 0.5282122473259182 0.026765835685361637 0.08484246340184251
1 0.4525564193725582 0.7877013200506916 0.028486923004575903 0.12218166231818266
1 0.8160754793721213 0.5861785988350119 0.020246814457133264 0.09720750894932854
1 0.5082977904664298 0.8115301990509033 0.027801406738525106 0.11319986343383776
1 0.8608963749995354 0.8227088340824334 0.030290827391648165 0.1309955185066655
1 0.5148926870802574 0.5766703607807254 0.019644049753663472 0.09661579175188596
1 0.8119234657287597 0.43246912717819214 0.02594623565673828 0.07642491817474366
1 0.26581195983236094 0.5840129470825195 0.020205456555981143 0.09227600097656248
1 0.6519485686310321 0.41050018852046705 0.015175715082894482 0.07638505111319965
1 0.4178102799431846 0.6413834140476626 0.035618042186175695 0.09549693063438874
1 0.2039982071608143 0.6098247957229616 0.047257354873386254 0.08106926918029787
1 0.2203163014044882 0.5894691040340022 0.03142361438462687 0.09005316778480084
1 0.872267654617 0.7670668985667759 0.025178423307699958 0.11743015333472875
1 0.4242329120635985 0.5946619514908591 0.02353639602661133 0.08867036904617219
1 0.555173288056385 0.4468305407810787 0.028166125875443156 0.0744446203805212
1 0.9939748001098633 0.5252697498191399 0.012050399780273096 0.09049157488564234
2 0.5569192525426782 0.757165322303772 0.032343067463285795 0.11834614753723144
1 0.3836248419244139 0.42644042361265344 0.02949699830195686 0.06671239420234243
0 0.18197596201976665 0.6399150213125576 0.00910894275901534 0.01435348555966049
2 0.931372397167873 0.26102866567962707 0.012214264154134468 0.06551078024665574
