1 0.5431320190429687 0.4710099962022569 0.03631019592285156 0.10190082126193577
1 0.41673917770385743 0.5221515231662326 0.03927834828694662 0.11350561071325231
1 0.5363616943359375 0.350687747531467 0.02849070231119792 0.10405968560112847
1 0.5116207122802734 0.2864778306749132 0.023006534576416014 0.09751976860894099
2 0.1493620713551839 0.28822230586299186 0.023402627309163412 0.08590797141746238
1 0.5855725606282552 0.3708674678096065 0.027634493509928384 0.08878035368742766
1 0.3791874567667643 0.2905746742531105 0.025794506072998047 0.08700307210286456
1 0.4335383733113607 0.26269028275101275 0.026542822519938156 0.09023266545048467
1 0.3540480295817057 0.2093337164984809 0.02281926472981771 0.08611184579354746
1 0.42150561014811205 0.22913092154043693 0.020435810089111328 0.08735675105342158
1 0.41416346990467445 0.3900480481704192 0.0508176637371614 0.033911995791933956
1 0.8192082087198894 0.34122871116355613 0.03226407368977865 0.07633520055700231
1 0.37449251810709633 0.23969508983470775 0.020389556884765625 0.07513795075593172
0 0.5297037337589963 0.3962333179522207 0.01350173040455021 0.01469576098454475
1 0.4206503324302199 0.40790086152176824 0.031061494808242288 0.07570543537492753
