1 0.3425195058186849 0.41196272108289933 0.03242502212524414 0.11230109885886863
1 0.1806274731953939 0.4081628870081019 0.0320425828297933 0.1090523048683449
1 0.3043837547302246 0.5252685546875 0.038703600565592446 0.11909114696361399
1 0.27312602996826174 0.3331719292534722 0.026633675893147787 0.09951171875
1 0.6811045328776042 0.29550196329752604 0.025650978088378906 0.07956723813657407
1 0.5867847442626952 0.4827507866753472 0.0327752431233724 0.11574526186342593
1 0.601663080851237 0.24694041499385125 0.024273109436035157 0.07359472204137732
1 0.9095694224039714 0.4740238330982349 0.031205495198567704 0.11672351978443286
1 0.6677392323811848 0.4897837320963541 0.03315016428629557 0.11501563743308738
1 0.22641456921895345 0.7527210376880786 0.04851109186808269 0.17268394187644673
1 0.8387742360432943 0.2890186451099537 0.026270929972330728 0.0830290052625868
1 0.5141043980916341 0.28860626220703123 0.020196819305419923 0.08412995515046298
1 0.5467124303181966 0.24991621794524016 0.017156473795572915 0.07692572982222945
2 0.37780815760294595 0.4522890444155092 0.02654132843017578 0.1072658962673611
1 0.529027271270752 0.29173454002097804 0.01758912404378255 0.08012056703920718
2 0.4272106806437174 0.21291720072428386 0.019028886159261068 0.075641519052011
0 0.8284833538004835 0.3221169890160128 0.011094220323383865 0.014989524348038791
