2 0.15660629272460938 0.5088668823242188 0.03496238390604655 0.11998938101309317
1 0.51789976755778 0.7378901728877315 0.037770811716715494 0.13096985993561922
1 0.7185239156087239 0.5866704305013021 0.031094042460123695 0.12309186017071759
1 0.4603835423787435 0.5890531186704283 0.03405612309773763 0.12241047046802662
1 0.6520630518595378 0.4995542738172743 0.03469149271647135 0.11237702546296297
1 0.7379730224609377 0.5380796079282407 0.026472028096516928 0.10935951515480324
1 0.23842037518819176 0.6116748385959202 0.04540465672810872 0.12364931459780093
1 0.6110112508138021 0.48295050726996536 0.041928927103678376 0.11392737494574653
1 0.8390836079915364 0.65191571270978 0.03562717437744141 0.130470049822772
1 0.030332517623901368 0.4486200685854312 0.03449738025665283 0.11744955557364005
1 0.5260004043579118 0.4225809263474507 0.03976691563924158 0.04996915248630749
1 0.619005282812109 0.492350185675529 0.05334561237389732 0.02640338390223205
1 0.521145905322225 0.3537503792662362 0.023338705413580102 0.08675397567876249
