1 0.22517226537068727 0.6046089717147716 0.026405268468623726 0.09303990236448217
1 0.3693916956583659 0.5745457401982059 0.02428913116455078 0.08471114547164352
1 0.40085616656586653 0.4660938935599124 0.02242330385303454 0.07702193883347559
1 0.7254849646652233 0.4990905650452151 0.025483767686981643 0.0715173569422819
1 0.18142933197263658 0.4423842651324124 0.020727544486632544 0.08218217294413437
1 0.508337661161875 0.41556384380683503 0.01808939529902966 0.0597796885333962
1 0.24151263414655372 0.3453729815404693 0.018647142237099155 0.049239968029199506
2 0.29948066740404594 0.3834312569589449 0.01775596196889338 0.07530969477184273
1 0.15047384071955638 0.4028810248179463 0.015663937713376784 0.07386336149992748
1 0.15277685177878667 0.33196536505267005 0.0153645670040025 0.06637328148681751
1 0.34092257817586263 0.3294364929199219 0.020452880859375 0.07080066822193287
1 0.34953959118156513 0.4504489622333818 0.02959214866366387 0.07303732412832627
1 0.706622496677854 0.5369415701455884 0.027695965699472767 0.06388501655709124
1 0.8158392588297526 0.5876818621600115 0.02392114003499349 0.08227934660734953
1 0.3442635854085286 0.3995932119864004 0.02607692082722982 0.057000082510489006
1 0.7998363494873049 0.5601883499710648 0.021344884236653646 0.07337330005787036
1 0.6153354374476837 0.46622309380855853 0.027430811685219707 0.0772359096412647
1 0.3782505941591714 0.34876997205946025 0.014203528938918897 0.06988878603334749
1 0.829221269902041 0.45997099743834124 0.014719569581923815 0.07704210946757845
1 0.24737381109207418 0.2896551104230365 0.012071666158035706 0.06234200648501665
0 0.4645513846709829 0.38724204873695167 0.008949074348684806 0.014348733566570798
1 0.6134894480597901 0.4535175911770129 0.03538459123887271 0.06290593998021819
