1 0.49529542922973635 0.8071321439743042 0.036632728576660153 0.1227774715423584
1 0.609628395761745 0.4820592545766435 0.0295219071524069 0.10024261474609375
2 0.575688362121582 0.804029130935669 0.0444091796875 0.12975412368774414
1 0.8062141180038452 0.6078485155105591 0.025473737716674806 0.12174614906311035
1 0.7595724964141846 0.3925286865234375 0.04046564102172852 0.09248504638671876
1 0.5659634780883789 0.5040294218063355 0.044464492797851564 0.10156470298767088
1 0.4420050135248914 0.6212652969349767 0.024838939902787252 0.10512499809265137
1 0.39288911819458006 0.7810463714599609 0.02884960174560547 0.1058135986328125
1 0.7615200805664063 0.557654275894165 0.02576904296875 0.10018556594848632
1 0.7282711029052734 0.39672011852264405 0.03091278076171875 0.0877158260345459
1 0.5309437477588652 0.572072964958936 0.03922186136245727 0.10232396830600546
1 0.6873536154883076 0.4819908713597855 0.027012599291079104 0.10011393547058106
1 0.6458823966979981 0.4633518695831299 0.028818321228027344 0.0978135871887207
1 0.3423329436041411 0.6109628403131252 0.01995632424801924 0.11638860465206548
1 0.6624574270657451 0.4551749193494221 0.02754379089907021 0.08754685843924774
1 0.3586244192713519 0.6018916106197608 0.021030195354225144 0.11003154277272736
1 0.37683672904968263 0.4264824891090393 0.035123348236083984 0.07208675861358643
1 0.38955905332774726 0.6053295755386326 0.022992070915695023 0.1105840015411376
1 0.3746804218711028 0.6015617132186838 0.023262905037098273 0.11356150627136216
1 0.5308211873326281 0.5323646641474176 0.024892196900459643 0.09120738029479987
0 0.36983844069937527 0.673386136205062 0.012980243431596816 0.021051778820835546
