1 0.6005212783813477 0.3446824815538194 0.029749679565429687 0.11399595472547742
1 0.5892953872680664 0.2447856761791088 0.02320035298665364 0.0800887496383102
1 0.3826239903767904 0.30551989520037615 0.02197999954223633 0.09716938160083911
1 0.6292535146077474 0.2707148234049479 0.024775377909342446 0.07629958258734809
1 0.5424752553304036 0.3994345205801505 0.03389905293782552 0.11708162095811632
1 0.33383496602376295 0.22274384675202547 0.017096741994222005 0.07360280354817708
1 0.29411341349283854 0.19888257627133968 0.020084571838378907 0.0650143093532986
1 0.1706533432006836 0.4279588204843027 0.03216535250345866 0.1012139779550058
1 0.6755306243896484 0.6528656005859375 0.043083826700846345 0.20308176676432288
1 0.7223058064778646 0.2035854904739945 0.018441200256347656 0.0613490069354022
1 0.6752431233723959 0.1755112400761357 0.01572736104329427 0.05946728741681134
1 0.6293577194213867 0.17351498074001737 0.016749064127604168 0.05733278062608507
1 0.5267929395039876 0.3545038859049479 0.029991976420084634 0.10038568002206308
1 0.19132846196492512 0.11649111994990596 0.015069119135538737 0.040435925236454714
1 0.5722237904866536 0.13059076379846643 0.013731002807617188 0.04173555727358218
1 0.48739887873331705 0.47017192134150754 0.04691651662190755 0.12425407127097801
2 0.45444952646891273 0.1821626168710214 0.01833492914835612 0.06340384306731048
1 0.24528953234354656 0.1388302555790654 0.015276273091634117 0.05927003224690755
1 0.28728227615356444 0.3561145076045284 0.023087755839029948 0.09569255687572338
1 0.24842767295597487 0.13277428371767994 0.012578616352201309 0.04751921733053809
1 0.503930817610063 0.44793850454227807 0.05188679245283026 0.11600279524807824
1 0.15290880503144652 0.0859538784067086 0.01179245283018867 0.026554856743536002
