1 0.740387734915597 0.441749570451639 0.032506449703706905 0.10109211179093917
1 0.4886144615582429 0.7776675712273451 0.03462266890154094 0.13709921827038327
1 0.8573690090062149 0.7058350912687336 0.03209357230299135 0.12475905876721254
1 0.8281783850006313 0.6180684211497748 0.026575674991527253 0.1210091657949197
1 0.8078823089599615 0.510776321976273 0.033338945098667555 0.11098076149269388
1 0.7001961273421723 0.4879382282705616 0.022643483755094666 0.11576407873433574
1 0.5538928985595704 0.6254721182364004 0.032805252075195315 0.12413007948133681
1 0.7269798149102652 0.5766951753453764 0.02169911392481481 0.12337522153501146
1 0.8876976428405343 0.6573164198133681 0.03263475457348392 0.05577714708116319
1 0.992942428588867 0.5301929506218158 0.013664690653483025 0.08183530498483652
2 0.9299755200240992 0.2836814764896112 0.019049403147999355 0.0864996935841301
1 0.2840819929872145 0.5045303339711303 0.06087762373696054 0.03622019869039769
0 0.30949434443312995 0.5135216998149916 0.008762956025647703 0.013144434038471573
