1 0.5049247741699218 0.5433394820601851 0.031197865804036454 0.08974372016059026
1 0.4314596176147461 0.508830487286603 0.028702100118001297 0.0914076911078559
1 0.9017280578613281 0.46187958893952547 0.02301088968912761 0.08712033872251157
1 0.6272872924804688 0.6408234772858796 0.026778475443522135 0.10246203387225115
1 0.32030506134033204 0.4935298778392651 0.024072647094726562 0.08876961602105035
2 0.5898642222086589 0.6032398365162037 0.024181556701660157 0.10760028980396412
1 0.34329325358072915 0.5273400200737847 0.019999027252197266 0.09488242820457175
1 0.3590463956197103 0.4845262880678531 0.01939849853515625 0.09130121866861979
1 0.37594942341954973 0.4679656982421875 0.017260311231784117 0.09093851160120084
1 0.5102821985880533 0.45166993317780674 0.026035531361897787 0.08304022329824942
1 0.4664838473002116 0.4639767116970486 0.022192001342773438 0.08709001894350406
1 0.5401168823242188 0.4464931629322193 0.018973795572916667 0.0801977652090567
1 0.5290107091267904 0.44422375714337375 0.022827021280924478 0.08570307978877315
1 0.4501418431599935 0.4733403523763021 0.020921198527018226 0.08521392257125289
1 0.5542511622111003 0.4191244619864005 0.019315210978190105 0.07551424944842303
2 0.7649449030558267 0.33197990700050634 0.019293212890625 0.06054817482277199
1 0.36797358519163575 0.461037394126146 0.012836755226724736 0.07727747471122141
0 0.5275821231991998 0.3694363613676302 0.007765373702060714 0.01113315226101875
1 0.5377272081970531 0.39481994852275293 0.014027771848883716 0.029836848059530182
