1 0.43273648889111516 0.6549254182753209 0.06810651435197834 0.11309235397289791
1 0.696529769897461 0.6597256130642362 0.05277805328369141 0.13691332781756366
1 0.5932360129539859 0.745289871501926 0.03531300428311358 0.17703635942668852
1 0.49976410275171723 0.6957324112206486 0.03156109547545154 0.12086793801841955
1 0.5390242662062851 0.661516739135524 0.0629636593598901 0.14126443306584874
1 0.6510871887207031 0.6794626871744791 0.035871696472167966 0.13488266556351272
1 0.6577102661132812 0.5603776154694734 0.02808977762858073 0.13005506727430555
1 0.9586531324823061 0.5360598351158906 0.028078144971175324 0.17393095956060228
1 0.9358857044061739 0.7203947495420583 0.04436904252338481 0.10757486918547231
1 0.33781401388633037 0.9293714970757505 0.04004172604815606 0.14125700584848222
1 0.4009119669596354 0.9625992386429398 0.041969935099283845 0.0748016357421875
0 0.460050049932614 0.6606384891411876 0.013905835868113165 0.021688472429086295
