1 0.3725130832195282 0.4691209030151367 0.034626386165618896 0.09108734130859375
1 0.5433683073520654 0.535951026731277 0.01730649131488958 0.09113481521606426
1 0.4928921830654132 0.5014856097315075 0.02181210836400203 0.10308685302734336
1 0.21481975626012847 0.44523829079503335 0.027897691726684565 0.09057159423828125
1 0.47949421882629395 0.37701500415802003 0.019460773468017577 0.0828469181060791
1 0.7068274879455566 0.6481574773788452 0.029094886779785157 0.11253130912780762
1 0.12886378765106202 0.9378757333755493 0.031699419021606445 0.12424847602844238
1 0.5985720909064207 0.4802690381237529 0.021115897418312456 0.07721984386444077
1 0.7739008331298828 0.9013869524002075 0.07291412353515625 0.14620423316955566
1 0.18551286789347482 0.4529909733129607 0.02302791170012182 0.08922056165363877
1 0.6877760286249847 0.4196286078116806 0.02596836090087891 0.09209034919738769
1 0.620839296579361 0.40174916744232175 0.02093327760696411 0.08401133537292481
1 0.3009776449000136 0.5798208642165729 0.043046338117046216 0.11019250500408022
1 0.7601948356628419 0.4331211757659912 0.019428825378417967 0.08295118331909179
1 0.7822688750879618 0.476406912803648 0.021238889102853587 0.09550608634948707
2 0.3020588504160813 0.5123458480834959 0.027447583896841363 0.09512176513671872
