1 0.14284833272298178 0.6539166485821758 0.025379180908203125 0.10057819507740164
1 0.328265380859375 0.5254800867151331 0.029506905873616537 0.10194984718605324
1 0.46418285369873047 0.5043856020326968 0.025336805979410806 0.08890318693938079
1 0.8712045033772786 0.5797852127640336 0.02745711008707682 0.09487022117332175
1 0.8709705988566081 0.5139588532624422 0.02240753173828125 0.08609537195276332
1 0.6377752939860026 0.5982536033347801 0.025423431396484376 0.1009906910083912
1 0.8245563507080078 0.43142496744791664 0.019834518432617188 0.0769145824291088
1 0.4579565684000651 0.3689183270489728 0.019601949055989585 0.07888189245153357
2 0.7674587885538737 0.34082319471571176 0.024125035603841147 0.07861913045247396
1 0.6149899164835612 0.3618485062210648 0.021525700887044266 0.08138662267614294
1 0.6314465840657553 0.34749868887442126 0.017738914489746092 0.07325156882957176
1 0.4776256243387858 0.39454074435763886 0.018409093221028645 0.08633801495587384
1 0.5069597029390921 0.6292950620568751 0.013712881160588221 0.10204044816995732
2 0.2879568099975587 0.1875688968411905 0.018455282847086574 0.061925416120478693
1 0.48519467277298317 0.5701229519314236 0.015020000198882166 0.09593387179904492
1 0.4936106123781468 0.5527147546270266 0.029602350977366944 0.06740364617173429
1 0.5013223012288411 0.5932061089409721 0.02100222905476888 0.08375475848162615
1 0.10324889818827312 0.092886839972602 0.017731348673502605 0.046455072473596634
0 0.5092544962046331 0.46793590834962034 0.007013885924441823 0.013359782713222544
