1 0.7169399469085477 0.32954687982837305 0.03256341973461776 0.0740029794198494
1 0.632555602195272 0.3459638461445352 0.029035988639154478 0.08144726223415791
1 0.40984374263651907 0.4923717757385312 0.03557303746541341 0.08730285079390915
1 0.5537323522623295 0.44601226525057924 0.026031223877356995 0.08986991599754023
1 0.4889745072287687 0.44322200066746115 0.024914276530452608 0.08518377233434592
1 0.7023422241210937 0.5988448531539352 0.03564103444417318 0.09726206461588544
1 0.2097357114156087 0.2908270376699942 0.023908662796020507 0.06697139033564815
2 0.958998998006185 0.5138773035120081 0.03139031728108724 0.09112076935944734
1 0.4388243340636137 0.46933462809156784 0.04084162293640537 0.07950713546187804
1 0.6662631352742514 0.48884006076388886 0.031710052490234376 0.08671157271773727
1 0.684058125813802 0.5148732503255209 0.025928179423014328 0.08327701709888599
1 0.94475466410319 0.547934412073206 0.03635489145914714 0.08949110243055555
1 0.9914507548014292 0.529764276309337 0.01673806508382159 0.07826294676645315
2 0.8303503672281901 0.061202402468080876 0.017789014180501304 0.05869474411010742
0 0.4020273993567683 0.509738249923555 0.006920407010897591 0.011637921700007894
