1 0.3453777949015299 0.5782011809172454 0.028715133666992188 0.10873673050491899
1 0.8808901468912761 0.5293168809678819 0.03112462361653646 0.10264773898654514
1 0.4309433937072754 0.6035512853551793 0.02938054402669271 0.11145697699652776
1 0.6304982503255208 0.4924976490162037 0.023840649922688802 0.10488812481915509
1 0.3146661122639974 0.5963012130172165 0.029679298400878906 0.0961406566478588
1 0.35845470428466797 0.6651960584852431 0.030736573537190757 0.1186043068214699
1 0.45815041859944655 0.5270452428747106 0.020449956258138016 0.10418441207320601
1 0.6898090362548828 0.49714739764178245 0.02196280161539714 0.09547449747721354
1 0.5959144592285156 0.6396068431712962 0.030223973592122397 0.1110796327944155
2 0.9653757731119792 0.3506464075159144 0.01903533935546875 0.06459517302336516
1 0.6750195821126301 0.46366950141059027 0.02732149759928386 0.09031561392324942
1 0.5676696777343749 0.6378676237883392 0.029154014587402344 0.07355810094762731
1 0.3823549270629883 0.46964467366536455 0.03814824422200521 0.046804272686993637
1 0.603702163696289 0.5955846150716146 0.023050435384114585 0.08872477213541669
2 0.813906987508138 0.6299942581741897 0.020472844441731766 0.12283070882161456
1 0.8100875854492187 0.5850528293185764 0.030834643046061195 0.1087789464879919
1 0.6850072181127512 0.4343637346957051 0.012691788049951214 0.04859761578101008
