1 0.3096584955851237 0.8264693083586516 0.05303239822387695 0.18926685474537033
2 0.23328663508097333 0.7272942437065972 0.049994786580403655 0.17459049931278936
1 0.3426994323730469 0.6273647732204861 0.03794711430867513 0.16154576054325812
1 0.41061909993489587 0.5771230061848959 0.04076662063598633 0.15778893364800348
1 0.671083958943685 0.7137808340567129 0.056282424926757814 0.18439302797670717
1 0.4238335927327474 0.45427217836733214 0.04893280665079753 0.11942401462131076
1 0.3506726582845052 0.5116210372359664 0.057201258341471356 0.13160358005099826
1 0.5607858022054036 0.5989647759331597 0.03837941487630208 0.17317408808955437
1 0.6048851013183593 0.9519449869791667 0.04669907887776693 0.09611002604166669
0 0.36498142878214523 0.4264094317400897 0.01373882293701172 0.022163108543113427
2 0.5906935373942058 0.4923468695746528 0.03757419586181641 0.097016680682147
1 0.5235617955525717 0.5866982919198496 0.04369621276855469 0.15994290952329282
1 0.5326421737670899 0.59085693359375 0.03758389155069987 0.1705433033130787
1 0.591366704305013 0.49296581127025463 0.037526448567708336 0.09786608660662616
1 0.4009433962264151 0.4199860237596087 0.037735849056603786 0.08805031446540887
