1 0.25974782307942706 0.627249597620081 0.02311917940775553 0.09166536684389466
1 0.18099897702534992 0.46529467547381365 0.02338186899820964 0.08407799049660011
1 0.48350334167480463 0.6681297019675925 0.02504475911458333 0.09115272804542825
1 0.5174516995747884 0.3296648096155238 0.02570164998372396 0.06288186532479745
1 0.49879957834879557 0.4189098782009548 0.024733543395996094 0.07405788280345775
1 0.921538225809733 0.2922589902524595 0.01910820007324219 0.06697526154694734
1 0.4812558492024739 0.21529901292588977 0.018253548940022787 0.05539242779767071
1 0.7619171778361004 0.32495784053096066 0.016618728637695312 0.06617236667209202
1 0.4161367734273275 0.42279832628038194 0.01807689666748047 0.06907051934136285
1 0.44402141571044923 0.6444298638237846 0.023688316345214844 0.08879015887225115
1 0.02941696047782898 0.33761124787507235 0.01626348892847697 0.06653606273509838
1 0.7506107330322266 0.4241779468677662 0.016702842712402344 0.07457894219292535
1 0.7589701334635416 0.19219498810944732 0.01574885050455729 0.05656840006510417
1 0.10013805230458576 0.3809501647949219 0.017856677373250324 0.07739551685474537
1 0.6832443237304687 0.46298133002387154 0.01700592041015625 0.08043396561234087
1 0.4931548436482748 0.2711941471806279 0.016698424021402994 0.04945220947265625
1 0.5919241406675585 0.25710827477003056 0.011163186971432884 0.05690104166666667
2 0.6458343231367271 0.21656572874500113 0.011000172241614758 0.05487285831465643
2 0.1918469934866134 0.13664664887571398 0.012620232344727396 0.046753769961426016
0 0.49831827716117216 0.35798486259127427 0.00633765216544127 0.010442527145225498
