1 0.5584412892659505 0.46208199395073785 0.030025291442871093 0.08631009702329283
2 0.9118142445882161 0.5491716172960069 0.036753336588541664 0.09028602882667824
1 0.39330269495646164 0.9505983705873843 0.03554598490397135 0.09880331533926505
1 0.4317298889160156 0.5407422101056135 0.030090522766113282 0.07766808403862847
1 0.2498777841084493 0.6298813431351271 0.03183796549509569 0.10327165391710064
2 0.8165793736775714 0.25027662447597593 0.027418136596679677 0.06828602460480208
1 0.7596205393473313 0.4618735419379329 0.0175194398373649 0.08953461823640041
1 0.8173199971516927 0.6258275915075232 0.024295997619628907 0.08815985785590277
1 0.711634189486932 0.3731444747359657 0.017456229115863878 0.07678101151077832
1 0.296134885152181 0.5079007749204283 0.03022181193033854 0.08125559488932294
1 0.7288823445638021 0.6321569372106481 0.029149818420410156 0.1063352796766493
1 0.8214386125362799 0.4895586932146989 0.017372985672331705 0.08214334558557584
1 0.6393564224243165 0.769069191261574 0.0364538828531901 0.10473604555483218
1 0.8064268747965486 0.47515852266402075 0.03410867055257159 0.04188885318936972
0 0.29968333508315603 0.5424417195501178 0.0070138859244417515 0.013805108803663374
1 0.8130847329735169 0.4552129109700512 0.017442569168519963 0.0625823126898871
1 0.7489606938535479 0.4600389032338565 0.004408728295363318 0.0019594347979393235
