2 0.4616547584533691 0.4547312983760127 0.025926589965820312 0.10831649215133102
1 0.3804943720499675 0.5165913899739583 0.02679983774820964 0.12058173285590276
1 0.7159451166788737 0.4359397605613426 0.02783139546712239 0.11105366459599247
1 0.8511303583780924 0.31908447830765335 0.028137588500976564 0.07928608081958911
1 0.6642524719238281 0.4104053638599537 0.022095680236816406 0.09889370953595197
1 0.4227504094441732 0.631536978262442 0.03494059244791667 0.15032099971064813
1 0.7087759017944336 0.30683949788411463 0.026338577270507812 0.08272738986545139
1 0.1448394457499186 0.4036194695366753 0.020579655965169266 0.10601541024667245
1 0.5021952946980793 0.26020479555483217 0.028558921813964844 0.0672872472692419
1 0.05036971966425578 0.564518455222801 0.03658123811086019 0.12607828776041666
1 0.5776281356811523 0.2490706267180266 0.017379124959309895 0.07482109069824219
1 0.4527140935262044 0.311197351526331 0.0194975217183431 0.08394473040545428
2 0.41097316741943357 0.22152360986780237 0.014951388041178383 0.06963724206995081
1 0.4426173528035482 0.3100043402777778 0.017505804697672527 0.08789873476381656
0 0.590809694925944 0.3038232026276765 0.007841364542643229 0.01403797290943287
1 0.6499190012613931 0.35777288366247106 0.02011063893636068 0.08548219468858508
1 0.6463706970214844 0.3737063372576678 0.022144126892089843 0.0748207374855324
