1 0.09152364730834961 0.8578106915509259 0.04091126918792724 0.15966870343243633
1 0.20460597674051922 0.7822882758246528 0.03949530919392904 0.1429922033239294
1 0.12323670387268067 0.418464180275246 0.04102347691853841 0.10055050320095486
1 0.3989365577697754 0.689001747413918 0.034455490112304685 0.14064184118200232
1 0.5724482854207357 0.6924815990306713 0.03527997334798177 0.1379588939525463
1 0.2307104428609212 0.5201523392288773 0.028660345077514648 0.13786126595956308
1 0.4197733408949081 0.5000121794885676 0.048700175035259176 0.1078721519910967
1 0.36334002812703453 0.4551343847204138 0.034018452962239584 0.07986399332682291
1 0.3275864283243815 0.5540584422923901 0.02944075266520182 0.12037760416666667
1 0.3051146189371745 0.4674319231951678 0.02663412094116211 0.11636361016167535
1 0.30418984095255536 0.5750206841362847 0.03365739186604818 0.11767165572554977
2 0.02576826810836792 0.656854248046875 0.0361253023147583 0.14181761565031828
1 0.3711352348327636 0.5109952008282697 0.07126839955647786 0.05659654405381945
0 0.4017532405982622 0.5276661548022146 0.009168777126763672 0.01760405208338611
