1 0.5651043574015299 0.6825816966869214 0.030734380086263016 0.10028997350622108
1 0.15489702224731444 0.5161842628761574 0.03476244608561198 0.07292734781901042
1 0.7284876505533855 0.38716227213541665 0.021326255798339844 0.07008559615523727
1 0.33640499114990235 0.654862806532118 0.03922535578409831 0.08529860885054977
1 0.1406083901723226 0.31566546404803236 0.02612744172414144 0.06102676391601562
1 0.794971466064453 0.6219829418041088 0.02837626139322917 0.08670739067925347
1 0.1551374117533366 0.7005825466579861 0.033495219548543294 0.0917695787217882
1 0.4110565185546875 0.744183349609375 0.026398658752441406 0.10142794008608219
1 0.5242202758789063 0.7004779391818576 0.026726309458414713 0.1022915310329861
1 0.3011940002441406 0.5813583374023437 0.031275367736816405 0.06827290852864583
1 0.06911002794901529 0.3970134876392506 0.025982880592346193 0.0727810329861111
1 0.7944981892903645 0.7104786060474537 0.03298867543538411 0.08977480287905093
1 0.30394474665323895 0.7998648184317131 0.044318517049153655 0.09391010425708914
1 0.6635752360026043 0.2719644617151331 0.01573975880940755 0.05367344043872975
1 0.33893022537231443 0.24079431604456014 0.019483057657877605 0.05079359831633392
1 0.7752368927001954 0.429214279739945 0.020880826314290366 0.07626625343605324
1 0.4375132242838542 0.283881519458912 0.02118374506632487 0.05027268021195023
1 0.6056316375732421 0.565025555645978 0.022483952840169272 0.08370756926359954
1 0.7239752451578775 0.29965938991970487 0.01798903147379557 0.0649507310655382
2 0.5161736806233723 0.43428774233217593 0.025949382781982423 0.06927131370261863
0 0.2932981491088867 0.6875957347728587 0.010744635264078777 0.016796366373697916
2 0.22069981892903598 0.13614940546493196 0.014187733332316061 0.04820200795848179
