1 0.20849523544311524 0.7386727792245371 0.045450766881306975 0.0934131763599537
1 0.9087200164794922 0.8757813065140335 0.042349052429199216 0.11946049442997685
1 0.7095049540201823 0.5726799858940972 0.03211421966552734 0.08214484320746526
1 0.4099022547403971 0.2790003176088686 0.02295083999633789 0.06435479058159722
2 0.3531938552856445 0.3353428310818142 0.02146625518798828 0.07030261004412616
1 0.5843624114990235 0.4250528971354167 0.02812366485595703 0.07981157656069156
1 0.47898788452148433 0.5771381519458911 0.0288603146870931 0.08002161096643519
1 0.2210373878479004 0.4845599704318576 0.0258331298828125 0.08438031231915509
1 0.40858491261800134 0.3962280838577836 0.019429588317871095 0.06846807974356192
1 0.22525428136189782 0.24311017636899596 0.021432002385457352 0.05776111461498119
1 0.4647590001424154 0.2794410988136574 0.022437000274658205 0.06134465535481771
1 0.5371466954549153 0.34900145354094325 0.02597818374633789 0.06361578482168692
1 0.13083319664001467 0.24385813960322625 0.014451877276102703 0.05844754819516782
1 0.3062046686808268 0.4087205957483362 0.03149709701538086 0.07599046495225695
1 0.45505097707112635 0.24541569462528937 0.02017043431599935 0.05146519696270977
1 0.5557735443115235 0.35822137903284146 0.023278109232584634 0.07107563725224247
0 0.6119112650553385 0.8076903166594327 0.013113085428873699 0.020446607801649305
