1 0.32137514750162766 0.6125938132957176 0.026443640391031906 0.12267292163990164
1 0.4097850163777648 0.43671992677287463 0.0145989803374697 0.0953692627598874
1 0.5492501576741536 0.4830523455584491 0.02392730712890625 0.10191059818974248
1 0.6821363829597558 0.5641302416389368 0.035899325997491634 0.10497410623862712
1 0.33885679244994854 0.41821028251849235 0.0114534823463001 0.0927722306616416
1 0.10292888214499707 0.4590136871322351 0.016798174257708878 0.10182211642483585
1 0.09365220855606386 0.39113475658275654 0.01775795172944001 0.08146986816785107
1 0.25346357115488016 0.37519499165098485 0.01583630918471844 0.08063440018910857
1 0.531406016613187 0.47016533322611587 0.024535728563580515 0.100769712676192
1 0.31077150760226685 0.468242090801796 0.020252534908717458 0.09811951689005177
1 0.5749577544923857 0.5007128115053464 0.03200146634541976 0.10365408438223306
1 0.6006282866462808 0.49842365139216027 0.02385579356844445 0.11132883676464926
1 0.81262087133498 0.44487975869691376 0.021699329678970734 0.09290255670563764
1 0.49543052082364064 0.46599021348094843 0.02242794762263074 0.10217263306309599
2 0.03124366592300704 0.44149014516289603 0.018079927651157113 0.09816953030502534
1 0.2996272918095599 0.41281143503877243 0.011259631638291738 0.08983112420512959
1 0.3056673958551303 0.4135382624765734 0.014871136208178764 0.10111335315737728
1 0.4924796152024005 0.45822560000679663 0.014789349256236664 0.09319982963978447
1 0.6885360612657238 0.5328268394510638 0.015559671044720644 0.1078664268749429
1 0.5839002869621139 0.4867481106012972 0.01748400459894658 0.10854447288446241
0 0.08335290945719782 0.4349679734971811 0.007508115030307355 0.01573000307436351
