1 0.7715388615926106 0.44671026159215865 0.03332506815592448 0.09909246939199942
1 0.23679135640462237 0.5454012270326968 0.040126434961954754 0.10699412027994791
1 0.7695624033610027 0.34638971399377894 0.03138790130615234 0.08218508119936342
1 0.5979079564412434 0.5803261085792824 0.034888839721679686 0.12203052662037037
1 0.4064502398173014 0.4469065630877459 0.031058438618977866 0.08497975667317709
1 0.4840002695719401 0.417027113172743 0.036309464772542314 0.09949521665219907
1 0.17780661582946777 0.6046599211516204 0.030878194173177085 0.12165182608145254
1 0.8027456919352213 0.5285456904658565 0.031540171305338545 0.10694184479890048
1 0.0520522673924764 0.44565248842592586 0.028514762719472245 0.08410862110279224
1 0.29705988566080727 0.48766937255859377 0.0309999148050944 0.08683118466977718
1 0.9910509109497072 0.2988567776150174 0.01770184834798177 0.07999654699254918
1 0.3973002115885416 0.5347539831090856 0.04437042872111003 0.1000072337962963
1 0.8916346232096353 0.5401754873770255 0.023154703776041664 0.10674071135344329
2 0.6066143035888671 0.2372327168782552 0.02483393351236979 0.08003313982928241
1 0.3535564104715983 0.45235440289532697 0.03531729380289714 0.08916349057798033
1 0.30244117544573823 0.45014744511357074 0.036475134561811215 0.07906604342990449
2 0.7666107177734375 0.5647554750795718 0.02948824564615886 0.1136079576280382
0 0.3736265663797039 0.25137014657113105 0.0106085024607183 0.017243026221865812
1 0.39954162239088703 0.5517759940302 0.04667741082716027 0.056578679790497265
