1 0.7258064270019531 0.5402529116030093 0.03283271789550781 0.14463653564453124
1 0.45099922815958654 0.7119734022352431 0.035416730244954425 0.18327857123480903
1 0.23838641373411648 0.5055777000686088 0.053674304528153444 0.1403701653564048
1 0.5228589665152122 0.487553848466261 0.02749179288060744 0.1501634762836514
1 0.4694738388061525 0.49162984404174026 0.04295708338419599 0.07600951764568586
1 0.564618629267801 0.4324461194624626 0.0411890465994908 0.11445244694747135
1 0.6965928395589194 0.47591846607349536 0.03476079305013021 0.13214809276439526
1 0.71390806833903 0.4318338182237413 0.02277654012044271 0.12212077953197338
1 0.8932817459106446 0.5404223406756365 0.056051381429036456 0.12531749584056712
1 0.5423659931875755 0.45099989189914585 0.02438321157367721 0.1351467795677624
2 0.9047468185424805 0.6105986983687789 0.04638328552246094 0.16674838595920138
0 0.24807498153274707 0.5209342958196271 0.010520828886662734 0.018703695798511576
