1 0.6140975952148438 0.3325357507776331 0.030618858337402344 0.06361120718496817
1 0.5715786616007488 0.46890676992910885 0.0370947519938151 0.08230610600224247
1 0.9130215962727866 0.24368314389829282 0.027011235555013016 0.0703104231092665
1 0.5056429862976074 0.337492596661603 0.02774874369303386 0.07421468098958334
1 0.086819855372111 0.4504726833767361 0.02993191878000895 0.08791944715711805
1 0.6359081268310548 0.4772751419632523 0.026114908854166664 0.08178202311197919
1 0.6471883138020834 0.6021744904694735 0.02316824595133464 0.08185549135561343
1 0.8276281992594402 0.6037508364076968 0.028041839599609375 0.0976846765588831
1 0.5486616770426432 0.28518761528862846 0.021593284606933594 0.07481638590494792
1 0.5950511932373047 0.381383373119213 0.028754361470540366 0.07474865383572049
2 0.5015920956929525 0.12897769786693433 0.018119366963704427 0.05941585964626736
2 0.9685066858927409 0.4121990345142506 0.026385370890299478 0.08573998345269099
0 0.5443768812935355 0.3145264321448051 0.007100301006965779 0.011833835011609572
