1 0.20345095753669717 0.47025414800527576 0.039956648349761925 0.12485766124492653
1 0.7152090138158398 0.5374000310897827 0.03326449830727167 0.12590212821960442
1 0.5958475112915039 0.6413579082489014 0.046820449829101565 0.15307821273803712
1 0.4201279469348234 0.5181037404756421 0.03772220849990921 0.13230794906616195
1 0.7889399788772754 0.5859955406188966 0.03837746738616457 0.1417850112915039
1 0.36038511991500854 0.6034575510025024 0.04818013668060303 0.14988453865051268
1 0.058320515625015126 0.5575842778676889 0.03503246847598005 0.15300355911254854
2 0.11529272574055421 0.556379246711731 0.03333026718569767 0.13234559059143072
1 0.4909745381322929 0.5604181566960055 0.03125501750100769 0.14106699943542483
1 0.11475099462139843 0.42103796648921005 0.03953738212585449 0.11101048469543456
1 0.6682811796665191 0.5414430904388428 0.03984940767288208 0.1178846549987793
1 0.2601012539863583 0.41876039265488285 0.031492981910705535 0.11605455877592723
1 0.5271023784051156 0.4124779927228125 0.02231958665980879 0.1178907931353415
1 0.6027133325847085 0.5044780167811669 0.05058533989150946 0.12765540122985833
1 0.6206594594182584 0.5045968041703197 0.041044043739305654 0.12858346866921433
1 0.4492983770344783 0.46021364352255156 0.03113393546178739 0.13045570373535145
1 0.4671900210747937 0.4783694887161255 0.027661812708811417 0.12199006080627443
1 0.46213272094726565 0.40676567077636716 0.02753868103027344 0.09364494323730468
