1 0.7450386428833008 0.6170953798294068 0.024987411499023438 0.1075722599029541
1 0.919036391629202 0.5390808812346932 0.026068909856829123 0.09279684852895671
1 0.67492919921875 0.8309470319747925 0.0485870361328125 0.13379652976989745
1 0.5696581680048696 0.3199645523424887 0.020955085754394552 0.07077688768578846
1 0.9731767268241114 0.7381650848281514 0.025480188442072987 0.12511680603027323
1 0.5723193236077379 0.4460939884185784 0.022469534056296703 0.0964863777160644
1 0.4469033109986383 0.37147900313688154 0.01664265544494504 0.08325144767761224
2 0.8196825981140127 0.47424178343627404 0.029777336120605447 0.09904692136473592
1 0.3749641000931153 0.5563450914089465 0.022249886290869374 0.10691715240478518
1 0.6893659269809723 0.49198675632476807 0.02275803804397583 0.10457966804504394
1 0.7413710021972656 0.32618700981140136 0.018589019775390625 0.08173124313354492
1 0.13884732310404063 0.554092033665006 0.02275961259333484 0.11293899536132795
1 0.27407391667366027 0.36531283855438235 0.026210768222808836 0.09716212272644043
2 0.4411628994112597 0.2463073574034019 0.01754886233270593 0.06625320751961167
0 0.5643818123788892 0.3545738363025617 0.006646805929609129 0.009068510415590359
