1 0.917562993367513 0.7331974735966434 0.042228317260742186 0.1251937301070602
1 0.4685551325480143 0.7340204309534144 0.028227901458740233 0.12804367630570024
1 0.7613421487934438 0.5857499114189376 0.03807227829433266 0.1087556627061631
1 0.35398934682210287 0.6010910599320023 0.02576424280802409 0.10648617214626736
1 0.16651841799418132 0.7945058751989295 0.03558349609375 0.12351899323640046
1 0.659624417058668 0.6214504475746747 0.030433674473342304 0.1179907329560054
1 0.34481900533040366 0.38896716082537625 0.027492078145345055 0.08984553019205728
1 0.5169777234395345 0.3549194053367332 0.029436111450195312 0.09127219871238426
1 0.5721720377604167 0.3719050937228732 0.027447382609049484 0.07941165500217014
1 0.44503666559855143 0.3956098203305845 0.02352142333984375 0.08238191957826968
1 0.2558285659743714 0.48598619609174526 0.023255843320368574 0.0864265159324363
1 0.5755441029866536 0.47663331208405674 0.02460702260335286 0.09395251803927952
1 0.34441265624092504 0.4649591881623349 0.024829959869384764 0.07927999681067636
1 0.963329569498698 0.8878404405381944 0.03540019989013672 0.14098267731843173
1 0.5024596214294433 0.5212900797526041 0.027958106994628907 0.1045957777235243
2 0.15657146771748862 0.49070395010489 0.024823379516601563 0.09963706687644676
1 0.5314778963724772 0.4164022940176504 0.024051856994628907 0.08071444476092303
1 0.5124268531799316 0.48147537796585654 0.019799232482910156 0.10179516827618634
0 0.2683024724324544 0.52853353994864 0.010230604807535808 0.017658714011863426
