1 0.22632349332173668 0.5423849600332755 0.029349549611409505 0.0812193128797743
1 0.2993718147277832 0.5083163226092303 0.01998278299967448 0.06842549641927083
1 0.4505705197652181 0.6132366039134838 0.028133201599121093 0.10475424307364005
1 0.28550570805867515 0.6094489203559028 0.024316724141438803 0.10265830711082176
1 0.2607353846232096 0.681527144820602 0.02579089800516764 0.11869207311559608
1 0.5757460276285807 0.5623645358615451 0.032497596740722653 0.08358402958622685
1 0.4869921366373698 0.5750404640480324 0.019753011067708333 0.09414757622612849
1 0.8966255187988281 0.6438790780526621 0.03415762583414714 0.11484894929108797
1 0.33428201675415037 0.5248987268518518 0.020255279541015626 0.07665241382740162
1 0.7312835693359375 0.5714751632125289 0.019911448160807293 0.0908225730613426
1 0.843199666341146 0.6446958753797744 0.02745164235432943 0.1038383201316551
1 0.676861572265625 0.5801049126519097 0.02035001118977865 0.09602372911241319
1 0.7018021901448567 0.5721384684244792 0.02354971567789714 0.10090416802300348
1 0.7671164194742838 0.5821632102683738 0.024203936258951828 0.09736915870949074
1 0.599568239847819 0.5503014458550347 0.018265787760416666 0.09097702591507523
1 0.6205117543538412 0.56558187979239 0.02190863291422526 0.08961238154658564
1 0.6391095479329427 0.5639706646954571 0.019656054178873696 0.09011083532262731
1 0.8656262079874675 0.6156373200593172 0.024590810139973954 0.08994547526041669
1 0.7495783487955728 0.5920965124059607 0.02571131388346354 0.09109762686270255
1 0.878546651204427 0.5708579734519676 0.023241488138834632 0.09961429172092014
2 0.25200530040921054 0.568388982852368 0.02017496694103881 0.09175868251574412
1 0.8452906926472944 0.6166223844291678 0.02270762125651035 0.09569384971409703
0 0.2254070058076129 0.5768986652489762 0.00752805186695479 0.01405236348498228
