1 0.3029802640279134 0.8506631356698496 0.04026406606038411 0.14075272171585648
1 0.14162845611572267 0.4630483556676793 0.027042357126871742 0.1007277594672309
1 0.09386162757873535 0.5617156982421875 0.0244512955347697 0.105345379864728
1 0.4380558649698893 0.594546056676794 0.03056844075520833 0.11569513391565395
1 0.17355054219563804 0.7258088288483796 0.03377410570780436 0.1400353890878183
1 0.191942074013956 0.5659497296368633 0.041464380648151083 0.11806391963252309
1 0.5145046234130859 0.572392894603588 0.03145303726196289 0.11278177897135416
1 0.3460735321044922 0.5415191650390625 0.027350266774495438 0.11386984365957754
1 0.2211066246032715 0.44391377766927087 0.025284655888875327 0.10747160734953703
1 0.021375205119450888 0.5541437219690394 0.021360107262929282 0.10807065610532407
1 0.6100044886271159 0.6362651683666088 0.05326588948567709 0.1127272994429977
1 0.024572924772898356 0.38763111255787036 0.023096857468287147 0.09095097294560185
1 0.2557395299275716 0.5523894133391203 0.021847359339396157 0.11200137668185764
1 0.65264040629069 0.48405970820674193 0.03999137878417969 0.049094842981409134
1 0.5976006825764973 0.5990926671911169 0.034008089701334634 0.08591139051649305
0 0.7766918926081771 0.43256947015065483 0.008243527870838966 0.014931673124538605
