1 0.42730758666992186 0.7260337233543396 0.01855621337890625 0.06879153728485107
1 0.19719390730778222 0.557317777513556 0.014846417692478252 0.04906805810712409
1 0.502487958073616 0.6171349501609802 0.01481768250465393 0.06200923442840576
1 0.49465443241730034 0.46846127986907954 0.015393741366570434 0.04532931327819822
1 0.1524687318038402 0.6944552373886108 0.020836034622084842 0.06414546012878418
1 0.6075583693726674 0.5140930128097534 0.011189503688488917 0.04899054527282711
1 0.36064972877502444 0.6735005187988281 0.013109302520751953 0.0586395263671875
1 0.2970150043535769 0.5853786745500054 0.014709415864406595 0.0443202359703104
2 0.6998794174194336 0.9190996789932251 0.023392868041992188 0.08686009407043457
1 0.7021959179639816 0.4971444010734558 0.012983449697494508 0.04745957851409912
1 0.15437642959262474 0.5935564543638334 0.011856339015314986 0.0537091504536295
1 0.2263613415193501 0.5179332351684566 0.012697277154911398 0.0466018676757812
1 0.5265891557248791 0.49884839222940125 0.00981635202986253 0.049742855286328116
1 0.39546330610286085 0.5318013451608367 0.012755584716796881 0.04896431702174293
1 0.5888704109191896 0.5443338606866545 0.013093376159667946 0.04885433636354328
2 0.42772418975830134 0.5296053512230331 0.013642120361328128 0.045697289970480594
1 0.36056212875682286 0.4844553527456988 0.008442153440430178 0.044768776893615664
1 0.4223482378292629 0.5668931627273561 0.008213264216191675 0.056044855117797845
1 0.20413293876807034 0.5144976921682073 0.014527296425475057 0.04505543830160771
1 0.34230551561344863 0.5435316815751327 0.00940616931807631 0.0505645751953125
1 0.9244603157043457 0.4931055736541748 0.013765907287597657 0.0386396598815918
1 0.2489105096880666 0.45859247033578027 0.007186089076928576 0.03962683586966301
2 0.2948448405742492 0.3376112526762703 0.007695548152896018 0.028965503568919228
0 0.7878598357649929 0.3283941453032531 0.007242112417890638 0.012070187363151135
1 0.41254074888007736 0.5943383717834894 0.01110143062239139 0.05196281450255775
