1 0.15554596583048502 0.8737238000940394 0.03886310259501139 0.12103214970341435
1 0.6075017293294271 0.7782663981119791 0.03165098826090495 0.1156583997938368
1 0.6454685211181641 0.6665249859845197 0.0339382807413737 0.0956889964916088
1 0.06969053745269775 0.3983810707374855 0.030460039774576828 0.0760965417932581
1 0.3414541880289713 0.43483553285951965 0.034865283966064455 0.07762663099500867
1 0.27985083262125654 0.47972762496383103 0.0233824094136556 0.07678106802481192
1 0.5683497111002604 0.5068981029369213 0.031472206115722656 0.08728753549081308
1 0.045162419478098556 0.7426202844690393 0.028502092758814494 0.11078807689525463
1 0.4153598785400391 0.34441257052951385 0.021870009104410806 0.07081417507595486
1 0.18490254084269206 0.30661570231119795 0.024616718292236328 0.06783113832826967
2 0.09245841503143311 0.4953052662037037 0.028570254643758133 0.08839569091796876
1 0.5354638417561849 0.33256349916811345 0.02418794631958008 0.07164171006944445
0 0.5407093704428304 0.354269209727872 0.007335021701411009 0.010432030864228779
1 0.5364917329645192 0.33079714028335716 0.028973335720573062 0.06128818132734434
