2 0.8565462748209636 0.7502196135344328 0.04222946166992188 0.15817187273943867
1 0.6818213144938151 0.7176120899341725 0.041867001851399736 0.1475349708839699
1 0.7074217478434244 0.6031599256727431 0.0343502680460612 0.13693276864510995
1 0.17825206120808917 0.5908129656756366 0.03506932258605957 0.1474422878689236
1 0.5179027875264485 0.6390042340313947 0.036805280049641925 0.1443447536892361
1 0.38798542022705085 0.5648074679904515 0.02935368220011393 0.13314971923828126
1 0.6131932576497396 0.5882871274594907 0.030704943339029945 0.15852768509476273
1 0.30616283416748047 0.5774504484953703 0.0400901476542155 0.13529363561559607
1 0.10394055843353271 0.608184814453125 0.033433691660563154 0.15284429479528355
1 0.6612887064615885 0.5466022067599826 0.040082486470540364 0.1203479908130787
1 0.8796789169311523 0.9026387532552085 0.053993860880533845 0.17695222077546297
1 0.48666931788126633 0.5943626121238426 0.0326697031656901 0.14403341787832755
1 0.5626370747884114 0.6392175745081018 0.04386456807454428 0.13120993155020255
1 0.45604279836018874 0.62930258291739 0.025238927205403647 0.13252518265335647
1 0.27716732025146484 0.7120382803457755 0.028319517771403 0.17263935230396413
1 0.5557610829671223 0.5863520869502316 0.030314954121907555 0.13360567446108218
1 0.9936491648356118 0.7092438874421296 0.01266180674235026 0.14598156964337383
1 0.5111523628234865 0.519853032376698 0.04278437296549478 0.05452936253790942
1 0.4715313275655111 0.596687486436632 0.024810791015625 0.14614110876012731
0 0.4729838010228336 0.48320708302707716 0.011021820738408579 0.020485000160274536
1 0.610881808215877 0.55022865963841 0.01728421888523151 0.08238532673153877
1 0.1847203213650682 0.5841149735814636 0.019491657570559796 0.1417575096040712
1 0.5833842502692722 0.6223757344798344 0.04393311248059937 0.13096110746181322
