1 0.3545655345916748 0.3926166868209839 0.02451810836791992 0.0890616512298584
1 0.6600300598144532 0.5278641653060913 0.0287139892578125 0.09449107170104981
1 0.3992054749296573 0.8341823415779495 0.031743911529967056 0.12089979171752932
1 0.5481098592281342 0.6092520427703857 0.03255287885665894 0.11048566818237304
1 0.429652099609375 0.4887525177001953 0.027450180053710936 0.09019775390625
1 0.9048959160993202 0.35323494267521854 0.022127799911651015 0.08377236366271974
1 0.9488221168518066 0.2922237968444824 0.016856575012207033 0.07580413818359374
1 0.16016813656087428 0.3391029366429191 0.017983223254518604 0.08700151443481417
1 0.5801912537154086 0.3559139442443849 0.02974209605386434 0.0886483383178711
1 0.549739933013916 0.36991328096273407 0.020030952209959138 0.08543293952941887
1 0.5758547079563141 0.7176808309555054 0.027524693012237547 0.11271090507507324
2 0.7378554632816011 0.3888511657714843 0.020039768574004056 0.08983764648437498
2 0.2554128183733415 0.1909813049205403 0.021820406014230485 0.06553962491633043
1 0.9913284683227539 0.35588266372680666 0.016739273071289064 0.08494297027587891
1 0.02327900528907776 0.5415136003494263 0.023764424324035645 0.1046456241607666
1 0.5695882148818815 0.29485907220956786 0.015734138260343304 0.07022645950317379
1 0.4088825416564941 0.5025775909423829 0.020468711853027344 0.09469329833984375
1 0.7740856420993805 0.21799622774124144 0.01573918581008911 0.0744182825088501
0 0.17254813033056146 0.37224418505497525 0.008483905184396824 0.014076998231888141
