1 0.17548208236694335 0.8359875714337385 0.05175917943318684 0.12771137378833913
1 0.2855063756306966 0.6217513472945602 0.028255558013916014 0.1068563390661169
1 0.8082497914632161 0.6571614583333334 0.053972562154134124 0.08561469184027778
1 0.3970517476399739 0.5628437748661748 0.02750142415364583 0.08597174750434028
1 0.5561470031738281 0.350705408166956 0.0318173090616862 0.06883284957320601
1 0.5436569849650066 0.4876378377278646 0.0243776003519694 0.08864952369972512
1 0.21406548817952475 0.36908897117332173 0.021106084187825516 0.07331997906720197
1 0.3084458669026693 0.4455569797092014 0.030437787373860672 0.07264537104853877
1 0.009643446405728659 0.41899795532226564 0.01867249608039856 0.0829654269748264
1 0.13205149968465169 0.33410961009837964 0.024293001492818198 0.06616304185655382
0 0.7112809499104819 0.5439646968135128 0.013743909200032552 0.02183250144675926
1 0.2535960833231608 0.3744377983940973 0.03188800811767578 0.06977821632667824
1 0.2693259557088216 0.3927790889033565 0.020968055725097655 0.07181184556749132
