1 0.3676013946533203 0.6208214653862847 0.031119887034098306 0.10924823902271412
1 0.5119011561075846 0.5578536422164351 0.02476202646891276 0.10705718994140626
1 0.8448181152343749 0.8248960141782408 0.04519621531168619 0.12548370361328126
1 0.29125633239746096 0.5230126840096933 0.02340548833211263 0.10277435867874711
2 0.17886223793029785 0.5667823508933738 0.026859378814697264 0.11868738245081019
1 0.30980981190999346 0.4628780788845486 0.022190221150716147 0.08608011316370082
1 0.456219991048177 0.40567225703486687 0.04142993291219075 0.09231338500976563
1 0.47726879119873045 0.5598133228443287 0.02482096354166667 0.102415692364728
1 0.6028277079264324 0.43379445959020546 0.05074164072672526 0.03982357449001736
1 0.2707427342732747 0.3782023677119502 0.026058197021484375 0.06658291286892361
1 0.5470802307128906 0.7242535626446758 0.06481526692708334 0.1196409437391493
1 0.41937487920125327 0.5016057897497106 0.040601221720377605 0.07480378327546296
1 0.4448017756144205 0.5097322817201967 0.020746453603108724 0.09668262622974537
1 0.48596328099568686 0.4822026005497685 0.024200248718261718 0.09460805257161459
1 0.4059368451436361 0.44154213799370656 0.02168604532877604 0.10093084264684608
0 0.6308962264150945 0.3843466107617051 0.008647798742138377 0.013976240391334755
