1 0.8223082860310872 0.5909818296079282 0.038363138834635414 0.09438674361617477
1 0.34596589406331385 0.6301888925057869 0.02880837122599284 0.10251074896918402
1 0.39977235794067384 0.44882134331597223 0.02631155649820964 0.08596697206850407
1 0.3033053716023763 0.5190899884259259 0.02493435541788737 0.10218997531467014
1 0.8841587214993422 0.7264103642216432 0.03861199979722728 0.10563800953052654
1 0.9224455575356555 0.47066584550788243 0.03630863898565261 0.07811848391218018
1 0.648754628499349 0.5427265308521412 0.027471160888671874 0.09885310420283565
1 0.3711825370788574 0.45621846516927084 0.029131380716959632 0.08506794682255497
1 0.9031367619832358 0.334717701099537 0.021232986450195314 0.08282145747432003
1 0.7567388403401795 0.3631088497464941 0.02443622026413588 0.07119685985423876
1 0.7565721583171979 0.4275489255968958 0.025159277877072204 0.08344051219798888
1 0.7734897613525408 0.29742555542212556 0.02654247283935556 0.06889349771694946
2 0.5158267021179199 0.48016250045211223 0.021276791890462235 0.09989248205114293
1 0.6060672760009763 0.3141114008128558 0.01635346161332071 0.06453088831018504
0 0.7151025136311848 0.45871149698893227 0.009868812561035157 0.017816444679542826
2 0.4927425384521472 0.26064886247177876 0.020573116180876302 0.0611904079153653
1 0.552410895946313 0.35559290903375057 0.030107903179186896 0.06975476098780914
1 0.5566848044701512 0.34361607250174137 0.034400033984980566 0.06678837007610273
