1 0.05327610373497009 0.6012444390190972 0.03760051727294922 0.08903804355197482
1 0.33046588897705076 0.5682249281141494 0.02346034049987793 0.08336397806803385
1 0.46529064178466795 0.7374760945638021 0.02824740409851074 0.10498479207356771
1 0.5954508174203349 0.6307209576479624 0.02830192819088977 0.08610697216880839
1 0.6537396170184044 0.6451607489569983 0.026340177349461983 0.08752019616975357
1 0.14882419109344483 0.4685042487250434 0.023047769069671632 0.07176123725043403
1 0.5476516246795654 0.49616042243109804 0.02475261688232422 0.05632510715060764
2 0.1920335292816162 0.6392452239990235 0.030779492855072022 0.09972974989149305
1 0.5092899799346924 0.5849639044867622 0.019407272338867188 0.08336385091145831
1 0.29650657176971434 0.5245208740234375 0.03517618179321289 0.07553706698947482
1 0.28100173473358153 0.5097239176432291 0.029387569427490233 0.07156673007541232
0 0.6671520532275114 0.6572034939820486 0.007970324914138445 0.01416946651402398
