1 0.6035617351531982 0.5727062649197048 0.024422550201416017 0.09576509263780382
1 0.6179812908172607 0.3893453386094835 0.024155521392822267 0.08352926042344835
1 0.6393702030181885 0.5214901394314236 0.030279827117919923 0.08962521023220486
2 0.5247803688049316 0.538832770453559 0.024219417572021486 0.09919454786512587
1 0.37376976013183594 0.6588924407958985 0.02866485118865967 0.10338244967990452
1 0.44068431854248047 0.4743153889973958 0.021977758407592772 0.09149831136067708
1 0.35111045837402344 0.42848883734809023 0.024262118339538574 0.08512297736273872
1 0.413420295715332 0.62304564581977 0.0260317325592041 0.10542704264322916
1 0.3431582450866699 0.2954361173841688 0.022269892692565917 0.07435395982530382
1 0.8629131317138672 0.3966961330837674 0.02215414047241211 0.08560725318060981
1 0.3793465614318848 0.4510044521755643 0.02570216655731201 0.0846380869547526
1 0.5069355964660645 0.3943755255805121 0.019629144668579103 0.08073567284478081
1 0.7683033240731372 0.5323233286539709 0.027729792619651104 0.08713616265190965
2 0.31148016452789307 0.1798396216498481 0.025957107543945312 0.05699902640448676
1 0.3726498603820801 0.5923334757486979 0.02484118938446045 0.09322819179958768
1 0.38453705310821534 0.5333360036214193 0.019359302520751954 0.08980755276150174
1 0.3897226810455322 0.4124856736924913 0.019120955467224122 0.08816719055175781
1 0.3782341480255127 0.38526929219563805 0.020120787620544433 0.07522184583875868
1 0.36279854774475145 0.3543514228547719 0.021485471725463858 0.06634411745234911
1 0.36223635673523075 0.32812988680394517 0.024862718582153304 0.07335184259796076
0 0.7469145539491364 0.5637783691677256 0.016031739255867164 0.016477065346307784
