1 0.43281819025675455 0.5789501614040798 0.02622464497884115 0.10182868109809026
1 0.7962900797526042 0.6827586986400463 0.028642018636067704 0.11540374755859376
1 0.4926850001017252 0.8180386578595197 0.03393576939900716 0.1284812644675926
1 0.5478264490763346 0.7558662697120948 0.032460530598958336 0.12875665735315395
1 0.7177046457926433 0.5442144323278356 0.02474498748779297 0.10610605875651041
1 0.8464064915974935 0.5518126876265915 0.02468083699544271 0.09546746148003474
1 0.6108729044596354 0.44809299045138884 0.023576291402180993 0.09220332392939815
1 0.36860466003417963 0.8982736658166955 0.03544076283772787 0.13309111418547453
1 0.5684649149576823 0.3632410685221354 0.026176643371582032 0.0811038547092014
1 0.7837029139200845 0.37353447808159723 0.028731028238932296 0.08076553344726563
1 0.3902606646219889 0.45232258549443005 0.024366887410481774 0.09311495180483216
1 0.118545405069987 0.6476711697048612 0.02644040584564209 0.12012029577184606
2 0.7187095642089845 0.2562690452293113 0.024061711629231774 0.07715154577184606
1 0.2274518489837646 0.506425702130353 0.023051993052164713 0.10289716367368344
1 0.9846258799235025 0.9339469627097802 0.03074817657470703 0.13210607458043983
0 0.5750222647691603 0.3956106769432614 0.006398844086911664 0.012044882987127456
