1 0.46232782999674477 0.8082935474537039 0.04072052637736003 0.16079621491608798
1 0.7968538920084636 0.6098163746021412 0.03004391988118489 0.13136251944082755
1 0.9838445027669271 0.4705146224410446 0.03062375386555989 0.11795908610026042
1 0.7688763300577799 0.6186622902199075 0.030743789672851563 0.12758150453920716
1 0.7553751627604167 0.5058460376880788 0.024161338806152344 0.12387554027416088
1 0.7205883026123047 0.6231089274088542 0.03656501770019531 0.13009847005208333
1 0.8683856964111328 0.6014390168366608 0.03194293975830078 0.12953694661458334
1 0.32174564997355143 0.4308059127242477 0.029104105631510415 0.12304068671332466
1 0.9597304026285807 0.4547131008572049 0.03259703318277995 0.10374617399992767
2 0.538021469116211 0.6210312454788772 0.06341571807861328 0.1328569765444155
0 0.6523762385050454 0.5425191243489583 0.012177149454752602 0.021622438783998842
1 0.6943442026774087 0.633732322410301 0.031375885009765625 0.11356071189597801
