1 0.2563200598331107 0.4549120486963737 0.023373293308600253 0.09934200286865211
1 0.6902151178161067 0.7960488704740328 0.029138076355875578 0.12881924062899794
1 0.2059490934477013 0.3888055979024404 0.01830878916202373 0.08667506217956532
1 0.16042558801734072 0.4594175997939571 0.026092783397739742 0.09901548218068942
1 0.08842624344121436 0.6332381352219091 0.03377533786995348 0.11246667694387258
1 0.47705622305939227 0.5989358112833953 0.02296108477387136 0.10455739974975564
1 0.08327122471823235 0.5565799275603731 0.021779524333252018 0.10919274330139145
1 0.6337041564879652 0.40211565494537355 0.023905023669898315 0.09188103249024598
1 0.5700364967284447 0.3284204258618724 0.028048290381081538 0.08184986854767434
1 0.47352723322130363 0.33559419418549163 0.02537327840614565 0.07936619791952244
1 0.7001748868896394 0.47441596794863167 0.02547393548674916 0.09767531968632558
2 0.3970776081085205 0.47624289512634277 0.027150058746337892 0.09808538436889648
1 0.5636120159359295 0.5014861536025984 0.021606127208776055 0.09726735115051255
1 0.9378927605256652 0.32678357007316255 0.021007758845094912 0.08744403654805495
1 0.5291301933993784 0.32244460616079496 0.022220176008226327 0.07754239509154065
1 0.27806465180341533 0.3288390557831768 0.027540667057037286 0.06857506846504174
1 0.4206723208986092 0.3794543027877799 0.02037143623081158 0.07819586753845202
1 0.4139647706905146 0.38255137188450583 0.028852129149179624 0.07213660190153862
1 0.2954961773935866 0.30917514240412475 0.024113913899299632 0.0726468963447552
2 0.27744880244490683 0.26890028538355576 0.015615804901076658 0.057132220185581846
0 0.4063020901661571 0.40279599791419957 0.006461313671108257 0.010579928818188976
