1 0.3699122746785482 0.5443504050925925 0.035078207651774086 0.11810839617693865
1 0.4575688044230144 0.5251650209780092 0.042363707224528 0.11058649133752892
1 0.5243339538574219 0.5165799741391782 0.026620515187581382 0.10617438422309028
1 0.4971804784014237 0.5211864330150455 0.0334000257105793 0.10234360871491592
1 0.5017415046691894 0.6106037281177662 0.031260172526041664 0.1258932043004919
1 0.5754225413004557 0.5578416612413194 0.03648223876953125 0.10009375678168403
1 0.16079527537027996 0.5543646918402778 0.03573629061381022 0.11515943739149305
1 0.23491085370381676 0.3820210492169416 0.0251320203145345 0.10033134177879051
1 0.5180426279703777 0.42065542715567134 0.03644997278849284 0.08329103257921007
2 0.3788356463114421 0.32767644811559615 0.029747835795084634 0.09392030504014758
1 0.1676760196685791 0.44012298583984377 0.02205435434977214 0.1042461253978588
1 0.25964937210083006 0.469482421875 0.024305216471354165 0.09989364058883102
1 0.29442310333251953 0.4074378119574653 0.044047991434733064 0.0989193386501736
1 0.3236894416653114 0.40017706414628385 0.022328397183686885 0.09868882926551731
1 0.6518415149528825 0.40710316772867045 0.04547907511393216 0.040035310137373756
1 0.01062806745370229 0.5316645869502314 0.02125613490740458 0.09060708505135995
1 0.3106518745422363 0.3862088803891783 0.022352218627929688 0.07969617490415219
0 0.825890442539277 0.4420205607044431 0.007742601345163109 0.014169466514023909
