1 0.8306474049886067 0.774921558521412 0.03497454325358073 0.11449098940248843
1 0.7177267710367837 0.7814177336516204 0.043710517883300784 0.11665491174768519
1 0.8292008082071939 0.5145031399197049 0.032251993815104164 0.0842556423611111
1 0.7876327514648438 0.6179829350224247 0.03724753061930339 0.0911853931568287
1 0.782966423034668 0.5192007559317129 0.027586746215820312 0.08134500009042245
1 0.5343584696451823 0.6131226716218171 0.033777046203613284 0.09621288158275464
1 0.7446396509806316 0.6881587275752313 0.04668121337890625 0.09873470730251736
1 0.23401353948742276 0.739678730142039 0.03229003537602704 0.0968372469615502
1 0.910784403483073 0.4466239929199219 0.03605524698893229 0.06920782018590857
1 0.14099407196044925 0.3419156109845197 0.02607009410858154 0.07712942052770544
1 0.923540987897408 0.6360024911385994 0.03064063057997366 0.0953616106951678
2 0.9105695088704426 0.18518055103443287 0.018834431966145832 0.059486120718496814
1 0.9404601026615205 0.630908429181134 0.033895923503379964 0.09074322735821755
0 0.2083161986411326 0.7188564897838571 0.009862036346496787 0.016193897142880963
2 0.01533811092376709 0.31506924099392364 0.029975489775339762 0.11480218392831308
