1 0.39408149719238283 0.7511289243344907 0.03796459833780925 0.10057350441261574
1 0.4711516698201498 0.8973772402162905 0.03907457987467448 0.10771947790075231
1 0.41332047780354814 0.6191190366391782 0.04047664006551108 0.08539807354962385
1 0.8832803090413411 0.7065772162543402 0.035344696044921874 0.08420867919921875
1 0.784405517578125 0.40436005768952543 0.022273699442545578 0.07026466087058739
1 0.45224533081054685 0.3352606314199942 0.02166461944580078 0.06808141072591146
1 0.803090222676595 0.3275225038881655 0.025085322062174478 0.06746571858723958
1 0.6602977752685547 0.6555788393373843 0.028315862019856766 0.0813470345956308
1 0.3766435941060384 0.5741882889359086 0.034121004740397136 0.08069130226417824
1 0.7128878275553384 0.44003335458261 0.024404335021972656 0.06332586782949942
1 0.472066338857015 0.42859666612413194 0.019689114888509114 0.06914661548755786
1 0.5384349822998047 0.29128683584707754 0.017671998341878256 0.056743084942853
1 0.7863529205322266 0.4881910536024305 0.019965934753417968 0.07899661593967014
1 0.6497996648152669 0.4762884069372106 0.019640604654947918 0.07617438987449364
1 0.9361462910970052 0.5577666106047454 0.022718175252278646 0.09385980676721645
1 0.6847072601318358 0.36379400182653354 0.02496039072672526 0.06171990853768808
2 0.4835015296936035 0.26135431925455727 0.01882762908935547 0.054847039116753475
1 0.7066844940185547 0.374864422833478 0.023054122924804688 0.051498639142071756
1 0.658113670349121 0.4286166438349971 0.023847198486328124 0.057045661078559025
1 0.8238661448160808 0.4761748702437789 0.03522904713948568 0.07343261153609665
0 0.6644878616541393 0.4559815106541032 0.010635781467045859 0.0117360347222575
