1 0.4626096407572428 0.623812018500434 0.038405418395996094 0.09426812065972222
1 0.2411927541097005 0.9468193336769386 0.04731494585673015 0.10636133264612269
1 0.25423027674357096 0.42315173678927953 0.026527722676595047 0.06911457203052662
1 0.6930393218994141 0.7775804307725696 0.04837233225504558 0.11777185510706019
1 0.6105311075846355 0.48191155327690977 0.03319072723388672 0.06938208120840567
1 0.8589918136596679 0.4588510301378038 0.03427047729492187 0.07390752721715857
1 0.07017181714375814 0.5182635271990741 0.029350690046946206 0.0872849075882523
1 0.0530259370803833 0.43670388680917244 0.031919316450754805 0.07619128757052951
1 0.8114474614461265 0.5689132125289351 0.035274505615234375 0.08057584409360534
1 0.4423363367716472 0.5141575000904225 0.028045145670572914 0.08272953739872685
2 0.4202234903971354 0.4719342832212095 0.02643044789632161 0.06233836986400463
1 0.3378270467122395 0.4310634189181857 0.025952561696370443 0.0681108827944155
1 0.9481799945336352 0.41383237485532426 0.026770946403696053 0.06403568409107349
1 0.49941502774666263 0.3609222060989933 0.01567027363483234 0.06105108971679364
0 0.6724673960081615 0.07997279906966406 0.006831707069261483 0.012550098912421133
1 0.9661830500071557 0.416915054754844 0.04108133184315918 0.06056434829994203
1 0.07104909019889145 0.5332124324490958 0.032336404610328676 0.07695341908442714
