1 0.29364054997762046 0.49374785246672453 0.03596909840901693 0.10234163072374132
1 0.7183568318684896 0.47939537896050344 0.030589612325032555 0.09416987101236979
1 0.4547065099080404 0.45955898143627033 0.03828134536743164 0.09030123110170718
1 0.6070154825846354 0.6066770200376158 0.02853673299153646 0.11309639259620949
1 0.7781628290812175 0.48961402045355895 0.04257520039876303 0.09428708111798322
2 0.8470884323120118 0.4234588905617043 0.02796605428059896 0.08521677652994791
1 0.4455591837565104 0.5791436654550057 0.04174254735310872 0.09537703902633102
1 0.8614245096842449 0.6185891610604745 0.033529472351074216 0.11688158953631365
1 0.6471577962239584 0.3993294044777199 0.026877784729003908 0.09044316609700521
1 0.7864882151285806 0.2895488880298756 0.02542158762613932 0.09019978841145831
1 0.6095203399658203 0.29589402940538195 0.02058188120524089 0.07109733864113137
1 0.8425214767456055 0.3733284561722367 0.030338287353515625 0.08590133101851852
1 0.47258853912353516 0.5807529025607638 0.028274122873942056 0.11713511149088542
2 0.44519195556640623 0.19419333846480757 0.02042083740234375 0.06780655472366898
1 0.4095556211316087 0.24023047553168397 0.03372012141476116 0.09275046454535583
0 0.3801602320668062 0.22606569483844843 0.011227350967264585 0.01475284764780664
