1 0.7519572830200195 0.5299486064910889 0.03160591125488281 0.09341459274291992
1 0.6561571858814375 0.7396353912353512 0.024975351987484493 0.10737915039062497
1 0.9489204668998719 0.5783403301239014 0.037548575401306156 0.09449140548706055
1 0.356746147206292 0.5213477295104886 0.020813106266214923 0.08549866676330561
1 0.7809939437378894 0.7174489235872693 0.026452026214903487 0.09725298404164726
1 0.19515715498842925 0.3678549861907959 0.022342050455374175 0.07244703292846678
1 0.5441594505310059 0.5994422721862793 0.037219810485839847 0.08989223480224609
2 0.6530713528394695 0.5169674873352049 0.015225596720585134 0.08876712799072256
1 0.04096050118993378 0.7616916129817833 0.03950966548106391 0.09278634114458482
1 0.23010897670158145 0.5464395340984555 0.04167203970687411 0.06247699910511492
1 0.2376609925516632 0.308300414085388 0.016589368307055454 0.07074488639831539
1 0.0743699659816238 0.7998252439498902 0.02840111780979902 0.09120551109313971
2 0.19069815823411929 0.18539524556805084 0.028401100910875225 0.0540673974263225
1 0.6027832178750674 0.5883258080471905 0.03264319181442261 0.07906962871551514
1 0.7318372470140457 0.26115564584732054 0.017472711801528932 0.0705872392654419
1 0.6242416441440582 0.6149865007400512 0.02019761323928833 0.08449639320373535
0 0.4630239895238754 0.5333312616923805 0.00888121919003993 0.015788834115626642
