1 0.3198900858561198 0.6674276846426506 0.02855990727742513 0.11312075014467593
1 0.34698009490966797 0.2809658191822193 0.02258272171020508 0.07293785942925347
1 0.6416041692097981 0.6123519332320602 0.026162465413411454 0.10325905128761574
1 0.2252669334411621 0.4504592330367477 0.025812673568725585 0.09606405187536168
1 0.3315086364746094 0.35645624796549485 0.021908060709635416 0.08217541729962384
1 0.6024758021036783 0.5510516696506076 0.030031204223632812 0.10201449924045139
1 0.7020412445068358 0.2934774893301505 0.021598688761393228 0.07546850133825231
1 0.9423056284586587 0.46816505149558735 0.024267832438151046 0.09709580032913773
1 0.29268242518107096 0.3678521050347222 0.025752894083658853 0.09058558146158853
1 0.5877015431722005 0.32586692527488426 0.02337601979573568 0.07864747224030672
1 0.913266372680664 0.3634829485857929 0.02061119079589844 0.08324415418836806
1 0.5756543477376301 0.2623881587275752 0.019589932759602864 0.0700564914279514
1 0.5447655995686849 0.2405652081524884 0.022318712870279946 0.06540312590422453
2 0.8623081843058269 0.4266079937970197 0.02783902486165364 0.0973441795066551
1 0.4265164375305176 0.22268398426197195 0.02059167226155599 0.07110547666196469
2 0.42646331787109376 0.22348772684733073 0.019741090138753255 0.0705643547905816
0 0.3517812164795898 0.31176520397542956 0.009762913884577814 0.011044912677502232
