1 0.35043369928995766 0.5872354012948496 0.02983792622884114 0.06674154776114005
1 0.7655108133951823 0.5418628833912037 0.026944287618001304 0.07276956063729745
1 0.9723253885904949 0.622605726453993 0.023249944051106766 0.09374672218605325
1 0.35011590321858727 0.4732499864366319 0.03024142583211263 0.07351348311812789
1 0.106718913714091 0.6743583961769387 0.04467465082804362 0.08205634223090277
1 0.5542054494222005 0.46969782511393227 0.02723210652669271 0.07683857105396412
1 0.6548599243164062 0.45889886926721646 0.02350660959879557 0.06328777737087674
2 0.9390699386596679 0.567877197265625 0.026402409871419272 0.07849437572337963
1 0.5755376180013021 0.5757291440610532 0.026581001281738282 0.06819384539568865
1 0.6114236831665039 0.4612555609809028 0.026599629720052084 0.07656566478587963
2 0.25409687360127764 0.3880283496997975 0.025182183583577475 0.057535326922381363
1 0.5898078918457031 0.557066175672743 0.019034067789713543 0.08225713659215855
1 0.7558654785156251 0.9409102263274016 0.0457583745320638 0.10227152506510416
1 0.994126828511556 0.6205442075376157 0.011703745524088543 0.09914488615813079
1 0.6599898020426432 0.9413319905598958 0.035582351684570315 0.09308918140552662
