1 0.411328910365552 0.35727794885476755 0.037008087482756406 0.10113049983449451
1 0.20439658552348727 0.514781565665141 0.040193664128194 0.11843179702758787
1 0.29815048664867777 0.3077841949494615 0.0283833503675546 0.10411269187927247
1 0.05921758128465072 0.3980526195225114 0.03675953020306658 0.11285061836242641
1 0.586937879845054 0.3234239125257058 0.0331836138609157 0.08867684364318837
1 0.2591217041015625 0.326423397064209 0.031284141540527347 0.10274394989013672
1 0.3793024270977081 0.488320713045328 0.02524366869897732 0.12166812897151598
1 0.42898294448852536 0.6608393621444703 0.033641624450683597 0.1335151958465576
1 0.6982254931360419 0.6505042791377136 0.0441364908123171 0.11687774658203126
1 0.4774931560447827 0.481548020838104 0.0207204607051754 0.12014888763427736
1 0.671447532774208 0.5980359721189066 0.0347248575025912 0.09866603851318353
1 0.2865639911583081 0.42275919437302684 0.01967992215337226 0.1163045501708985
1 0.2037646281719208 0.31272130012512206 0.023482434749603272 0.10562280654907226
1 0.2230897331237793 0.26490164756774903 0.02878856658935547 0.1034282112121582
2 0.010317292293776774 0.43268339157104413 0.02063458458755355 0.12287174224853507
1 0.2633228170871735 0.2799173164367676 0.02527573823928833 0.07025627136230468
1 0.20852874219417572 0.2483050298690796 0.01919169306755066 0.08538783073425293
0 0.6743622654105041 0.6876243230653211 0.010019837034917187 0.01943241121923314
