1 0.6479609819102609 0.6088933430317298 0.027534514064857452 0.11496836344401035
1 0.3617388725280762 0.588962244104456 0.03090445200602214 0.12458846480758101
1 0.5077209267797075 0.37415093315972214 0.019396926976312647 0.09452743530273432
1 0.4662949244181315 0.37987320511429395 0.02757876714070638 0.08586883544921875
1 0.20436017283707872 0.4565755492979193 0.03554756976982007 0.09937992802372682
1 0.7156550475696061 0.43834297546445505 0.024971257905829134 0.09659050835503465
2 0.17886324034859802 0.4707045418282502 0.019992507890134802 0.09299554560673183
1 0.425516110408173 0.29152772691514756 0.014663064747256992 0.07665704797815386
1 0.3040335598696267 0.378992716471354 0.022032726195191296 0.09516587433991602
1 0.6453421274820964 0.3563078138563368 0.029844729105631507 0.09022075511791088
1 0.5042449315388996 0.27993071630583777 0.012952599939772642 0.07711024594554361
1 0.010656489928563434 0.3370227107295284 0.02131297985712687 0.08647777416087964
1 0.2837741774085147 0.3471178207076029 0.022896142416462397 0.07914067021122687
1 0.2735000610351563 0.4924437911422164 0.022779782613118485 0.1092563205295139
1 0.284907720119093 0.4148155394499383 0.02196444994277584 0.0925687355080362
0 0.6825584672996393 0.476197590977761 0.00934114668230282 0.014522067935968368
