1 0.6966663360595703 0.7301085295500579 0.04566872914632161 0.11495525218822338
2 0.9398568471272786 0.8376771149811921 0.03939692179361979 0.14731304027416087
1 0.3095537821451823 0.5154438160083913 0.031419022878011064 0.11745670459888599
1 0.603832499186198 0.635419209798177 0.03611532847086588 0.11456807454427081
1 0.6470932006835938 0.8371830692997685 0.04681587219238281 0.13885503698278356
1 0.8626157760620116 0.3655622129087095 0.030480448404947916 0.09458038895218461
1 0.5737673441569011 0.6410656964337385 0.04010562896728516 0.11674442997685185
1 0.43634796142578125 0.6869050202546296 0.04333054224650065 0.12217164216218171
1 0.0428282101949056 0.3672236124674479 0.03018489281336466 0.09653374000831887
1 0.3160811106363932 0.6858713785807292 0.048501745859781904 0.1100934629087095
1 0.3980294545491536 0.3903259842484086 0.029506778717041014 0.09462229410807294
1 0.1523795445760091 0.5721840187355324 0.025890493392944337 0.11227241798683449
1 0.29064445495605473 0.6691059818974249 0.029055436452229813 0.12377115885416666
1 0.46014836629231765 0.451971435546875 0.029816532135009767 0.1176128246166088
1 0.10757774511973063 0.5943372938368056 0.0256197452545166 0.11945020887586805
1 0.41810995737711587 0.3947258278175637 0.025241216023763016 0.09664009941948784
2 0.1731199264526367 0.41228654649522567 0.02420929272969564 0.10665376451280383
0 0.6264556884765624 0.8930052580656829 0.010694058736165364 0.022663596824363426
1 0.4626830770940721 0.4429414720738171 0.03187066929263033 0.11618674375034871
