1 0.6673649470011394 0.8595290572554977 0.014528274536132812 0.044646821198640045
1 0.5394187291463216 0.8377448187934027 0.014333724975585938 0.04307612666377315
1 0.7069938023885091 0.8541059705946181 0.01348114013671875 0.04569498697916666
1 0.3188275337219238 0.7288774278428821 0.016011873881022137 0.04190374303747107
1 0.5031910578409831 0.6796092280635128 0.013767464955647785 0.03328224464699074
1 0.5492471059163412 0.6791355839482062 0.011383819580078124 0.03537343343098958
1 0.2173609733581543 0.6179812396014178 0.012403758366902669 0.03303979944299768
1 0.6506165186564127 0.6596747504340277 0.01189257303873698 0.03412289089626736
1 0.9105920791625977 0.6746598985460069 0.011945724487304688 0.03256705955222801
1 0.5500606536865235 0.5593001754195601 0.008316866556803386 0.02762886329933449
1 0.5304191907246908 0.6189063178168402 0.010165977478027343 0.03068175139250579
1 0.5319131851196289 0.5312811392324942 0.007572841644287109 0.02186810528790509
1 0.5101056416829427 0.5188349971064814 0.00858920415242513 0.023581610785590276
2 0.5978942235310872 0.6184129503038194 0.009730275472005208 0.03181033664279514
1 0.5444596608479818 0.5047332198531539 0.009138679504394532 0.02580317744502315
1 0.4112687428792317 0.5667470296223959 0.009583791097005209 0.030677682382089122
1 0.5759094874064128 0.5270229198314526 0.008082326253255208 0.024947668004918978
1 0.5815706888834635 0.5717319629810474 0.009003321329752604 0.02586070873119213
1 0.6463904062906901 0.5859676784939236 0.009094174702962239 0.029961593062789352
1 0.5413561503092449 0.5785728172019676 0.008078193664550782 0.02853461371527778
1 0.48588730494181315 0.6309679949725115 0.010309219360351562 0.02990592673972801
1 0.5815730412801107 0.5713181107132523 0.00864702860514323 0.025984983091001158
1 0.6250778834025065 0.6028931794343171 0.0093994140625 0.030266938386140047
2 0.4189248402913412 0.4943273473668981 0.009299246470133464 0.029692699291087962
