1 0.7966114294528961 0.5492260694503784 0.020216877460479735 0.07567816734313965
1 0.6967828245061665 0.7350056811528701 0.016798773115808057 0.08311269440858685
1 0.8730141032479719 0.6056703281402587 0.022542641310396336 0.08711061477661133
1 0.252954238653183 0.3918047833442688 0.024031035900115967 0.06921663761138916
1 0.2789345733824367 0.7156809568405155 0.02031523793519303 0.09223288536071779
1 0.5696902886247471 0.4444617358064481 0.022158496816167234 0.05679430931830389
1 0.41789689838767285 0.5428403389461814 0.015978025790459243 0.07616705179373139
1 0.28419188499450676 0.5940660369409432 0.022341251373291016 0.08617032766606583
1 0.5375143072807748 0.6440521207025388 0.017870228493170874 0.08958920478820787
2 0.3397709715366364 0.5649859666824341 0.02509301424026489 0.07959527015686035
1 0.4370334815979004 0.6909344148635864 0.02109050750732422 0.08885735511779785
1 0.19806230418339493 0.45023601770401 0.016491176332541428 0.06845398426055906
1 0.5486667883396152 0.46615937232971183 0.014221567772597516 0.061934604644775265
1 0.5633732979398947 0.36138725808674876 0.013015484576173847 0.0609074068069457
1 0.7889149465864835 0.44660812854766846 0.01941502581236692 0.058507623672485305
1 0.5443071748170208 0.28507222052148334 0.015166468117787935 0.05754191356025377
1 0.8236130719032916 0.40441556743199486 0.01780338010368787 0.06672125816345208
1 0.23238843642071078 0.340565705299377 0.014897569862905993 0.06006478309631347
1 0.24640169143676757 0.2683160352706909 0.015546798706054688 0.05851508140563965
2 0.22044369757175444 0.24657238006591797 0.017152119874954224 0.05665374755859375
0 0.810080848573577 0.42469274394237766 0.0074941162462176135 0.013071498358181792
