1 0.17567863464355468 0.5728999385127316 0.02717564900716146 0.10454627143012153
1 0.5365455627441407 0.6995898776584201 0.05189228057861328 0.1276477955005787
1 0.5786968231201172 0.46272096987123845 0.031211662292480468 0.08650772659866898
1 0.8821527481079101 0.4853452329282408 0.028954823811848954 0.10820436830873843
1 0.35242977142333987 0.7132093641493055 0.03914302190144857 0.14079736780237267
1 0.07150404453277588 0.5724505954318577 0.03276279369990031 0.11279715078848379
1 0.4366436004638672 0.4707496925636574 0.025855064392089844 0.10325181749131945
1 0.1670726458231608 0.37604587696216724 0.02719120979309082 0.08672739664713541
1 0.5711929321289062 0.3442151952672887 0.023819351196289064 0.08151256419994211
1 0.29505647023518883 0.4184331823278356 0.027519639333089194 0.08085782086407697
1 0.7485196431477865 0.25342743485062214 0.018507703145345052 0.06748544198495371
1 0.4209131240844727 0.2604249459725839 0.01789070765177409 0.06961031313295718
2 0.6952375411987305 0.5392615424262153 0.03200467427571615 0.10730483443648726
2 0.9613202412923179 0.17288343641493056 0.017257245381673177 0.05653134098759404
0 0.16130996350200313 0.41274726274116474 0.0075440698199011015 0.011044912677502197
1 0.8242924528301887 0.9605171208944793 0.051100628930817606 0.07896575821104122
