1 0.36065647679154067 0.5578666087664229 0.03774087263166474 0.09059583663940426
1 0.3304812526996244 0.2821995613244882 0.01710853378777514 0.07756148652297772
1 0.2188084551765349 0.5818735426609514 0.029003790470306424 0.09653501867151128
1 0.32791619645402503 0.6583229319645695 0.028774151364691514 0.11013251304626466
1 0.35328063024237044 0.7531383394608276 0.03751365379465331 0.11115340806523165
1 0.18966758006904288 0.4375405073165888 0.024607384146191284 0.09900580406188969
1 0.6659989356994629 0.3261088275909424 0.022762489318847657 0.07982389450073242
1 0.7441994667053222 0.3658275890350342 0.021659278869628908 0.08351575851440429
1 0.4297850455453735 0.3410723248921943 0.02271938454650858 0.08779606330581032
1 0.6373986748968999 0.49724179959516407 0.023582571740647464 0.09270288467407235
1 0.3893434198750765 0.30181891863896504 0.01966738657129497 0.0803357410430909
1 0.8879367337189012 0.631062767130285 0.024500002898883683 0.12148709297180173
1 0.43490503311157225 0.4909657001495361 0.026454353332519533 0.09686914443969727
1 0.7796544764532582 0.25198940992355284 0.018372063258082782 0.07898271083831776
1 0.6734997816765831 0.5566708942039231 0.023483062728670845 0.10157855903773286
1 0.38374214739340734 0.20615621111210874 0.0187642484169924 0.07294271317993568
2 0.45058888077735904 0.4630031681060791 0.021930630207061767 0.09207376480102539
1 0.5781686819716075 0.2733847212791442 0.020918357595556956 0.07774081707000731
1 0.9735276341501407 0.398816261291505 0.02152126221684138 0.0980178833007813
1 0.23420442774525158 0.39778899328524475 0.015830273772241322 0.08953860965143505
1 0.24477519035339348 0.3823779533752755 0.021753025054931638 0.08862869534124056
2 0.38536379817081495 0.16929175998984583 0.018097896634601075 0.06008401207563874
0 0.36642748354569576 0.7634955264210255 0.008641156862256022 0.01828816267144107
