1 0.3094825744628906 0.6630448517975984 0.03555351893107096 0.10232600459346065
1 0.6257264455159506 0.7081680297851562 0.028293037414550783 0.11074535228587963
1 0.46976585388183595 0.5981352629484954 0.03077189127604167 0.08131352177372685
1 0.6664323806762694 0.5905979297779225 0.032602945963541664 0.07584409360532407
1 0.29989986419677733 0.585993335865162 0.025354544321695968 0.08609992133246527
1 0.2962750434875488 0.4987725717050058 0.025647735595703124 0.09217334323459202
1 0.4451855341593425 0.5656564783166956 0.028967634836832682 0.0842601634837963
1 0.06809671719868977 0.4060651991102431 0.025353137652079263 0.08478622436523438
1 0.39200706481933595 0.5109923186125579 0.02399765650431315 0.08727829544632523
1 0.4759729703267416 0.5113321940104166 0.025196711222330734 0.07908929895471643
1 0.5138865788777669 0.5385612770363136 0.02805337905883789 0.09136962890625
1 0.5925312678019206 0.5131112557870371 0.02244504292805989 0.08046213785807294
1 0.4105654080708822 0.5438762523509838 0.023237228393554688 0.09504134566695602
2 0.19070577621459964 0.563205916793258 0.026327927907307938 0.08327342845775464
1 0.49751513799031577 0.5559650562427662 0.024163754781087243 0.07830171938295717
1 0.590947977701823 0.5727762858072917 0.04066810607910156 0.04899184615523726
