1 0.35464315414428704 0.6174376311125579 0.041925366719563796 0.1128824304651331
1 0.4472204774867991 0.6398679995965065 0.026414888347693143 0.0946088887085842
1 0.5638339996337891 0.7057221589265046 0.031064860026041665 0.12441038908781829
1 0.2811232248942057 0.6946022316261573 0.027532482147216798 0.1169477109555845
1 0.42641423543294266 0.6853207058376737 0.04617293675740561 0.12105769404658565
1 0.3539151509602865 0.45637794777199076 0.03390016555786133 0.10206095377604169
1 0.412054189046224 0.3480157357675058 0.02733755111694336 0.08426106770833335
1 0.6678469340006511 0.8616858588324652 0.034585762023925784 0.13354678683810764
1 0.6659370422363281 0.3011929829915364 0.02574698130289714 0.09393819173177081
1 0.49741032918294265 0.2868376555266204 0.02599948247273763 0.08802252875434027
1 0.5612224578857422 0.22909988120750147 0.02642930348714193 0.08611955995912907
1 0.10717706680297852 0.33894647668909145 0.03556974728902181 0.0873130515769676
2 0.6653587341308593 0.08619525344283493 0.024303436279296875 0.0750385566993996
1 0.8503316243489585 0.5237823486328125 0.028087170918782555 0.11660953097873264
1 0.227021598815918 0.6314406218352141 0.02962768872578939 0.11565427426938657
1 0.4749868075052897 0.3689003555862992 0.022860399881998696 0.07909952799479167
1 0.6422303517659507 0.39775820131655093 0.027324676513671875 0.09681099785698785
2 0.5379810969034832 0.5559408682364004 0.035854307810465495 0.09770598234953703
0 0.45659938789561144 0.6739174650600313 0.009564389896966077 0.017813043617629917
