1 0.5096930185953776 0.5183477331090856 0.02768770853678386 0.1034926520453559
1 0.18443899154663085 0.7580411557798032 0.033783483505249026 0.1154044822410301
1 0.2914327621459961 0.6725771303530093 0.033718045552571616 0.11156418411820024
1 0.38578316370646154 0.6024865044487847 0.023919041951497397 0.10067019992404515
1 0.533839480082194 0.722310949254919 0.02831246058146159 0.12058371084707754
2 0.01638233661651611 0.41790008544921875 0.02429213126500447 0.09709221168800637
1 0.3484231948852539 0.43569929334852425 0.021137015024820963 0.09026305587203415
1 0.5792322794596354 0.4590428670247396 0.025009981791178384 0.10248254846643519
1 0.44047425587972006 0.390066980432581 0.021390978495279947 0.09377223827220775
1 0.2943949063618978 0.3736508969907408 0.021265157063802085 0.09034031055591725
1 0.6243597666422526 0.48922073929398147 0.02248490651448568 0.09219611839011863
1 0.6550816218058269 0.3808867843062789 0.02102826436360677 0.08745789704499421
1 0.26263182957967124 0.23955487851743343 0.025661404927571616 0.06251328079788773
1 0.634255599975586 0.46209066885489003 0.01774756113688151 0.0840488009982639
1 0.3447937647501627 0.2686098169397425 0.0275819460550944 0.07073495652940538
1 0.4730274200439453 0.3641925387912326 0.02709452311197917 0.0690657721625434
1 0.5593803405761719 0.4272568314163774 0.023170280456542968 0.0873882152416088
0 0.3033062616984049 0.2678617124204282 0.007790247599283855 0.013121993453414351
1 0.5546618143717448 0.4035689177336516 0.021115430196126304 0.09415051495587384
