1 0.41099373499552416 0.524145903410735 0.03636932373046875 0.1360179759837963
1 0.47387777964274086 0.4938518382884838 0.03666909535725912 0.1456487019856771
1 0.5038869857788086 0.45476034658926506 0.03314199447631836 0.12818388762297453
1 0.9458925882975261 0.37150065104166674 0.032609748840332034 0.1162947760687934
1 0.3452339172363281 0.44009888260452834 0.04294118881225586 0.11974379928023726
1 0.6444384256998699 0.44000501279477716 0.033604939778645836 0.13014294659649883
1 0.8917046864827474 0.7009121930157696 0.0414700190226237 0.14411304615162038
1 0.5451197942097982 0.4401689317491319 0.0595293680826823 0.11663516009295428
1 0.8872107187906901 0.5008083202220776 0.04670117696126302 0.12574053163881654
1 0.8588207880655925 0.4657997696487992 0.027060572306315103 0.1184869271737558
0 0.4072327044025157 0.36198462613556953 0.023584905660377374 0.02795248078266944
