1 0.06967658201853434 0.6454074435763889 0.03349145253499349 0.10798158998842594
1 0.3198940912882487 0.40774490921585654 0.022734133402506507 0.08842911896882236
1 0.9685664494832357 0.3564476860894097 0.03201891581217448 0.08551825064199942
1 0.18873570760091143 0.3756440621835215 0.029059537251790366 0.08236796061197917
1 0.8142588297526042 0.3328693248607494 0.02784188588460286 0.07430007369429976
1 0.023873430490493775 0.29111418547453705 0.023041689395904542 0.07302590829354745
1 0.4023484547932943 0.3245054174352575 0.021461168924967453 0.07767040111400463
1 0.08048903147379556 0.2542240849247685 0.02015096346537272 0.06794218840422454
1 0.29696534474690756 0.25871124267578127 0.017986392974853514 0.06786797134964555
0 0.6016672225523787 0.1122031323130954 0.007439728998425821 0.013716043585575086
