1 0.17565770149230958 0.6654554578993054 0.030498981475830078 0.12410289623119213
1 0.7293807983398437 0.4489444591380932 0.034494781494140626 0.08723749231409145
1 0.6190583546956381 0.7788206877531829 0.035086504618326825 0.1626363683629919
1 0.819528071085612 0.5575937906901042 0.02963555653889974 0.11779282181351274
1 0.4374746640523275 0.4334726404260706 0.03302809397379557 0.0903545238353588
2 0.7167507171630859 0.61986654776114 0.03010730743408203 0.12093155472366898
1 0.44106833140055335 0.5418106079101562 0.03501291275024414 0.12541978624131944
1 0.6835062026977539 0.4443704958315249 0.03019968668619792 0.08546193440755206
1 0.12525819937388102 0.6318294949001736 0.03391159375508626 0.13501208270037615
1 0.17656685511271156 0.5749699910481771 0.02812482515970866 0.09772158022280093
1 0.4716004689534505 0.46467087357132525 0.019904454549153645 0.10382308959960937
1 0.5998278299967448 0.4427488538953993 0.023448944091796875 0.10400209780092591
1 0.5829689025878906 0.4342979431152344 0.018933614095052082 0.08641238742404514
0 0.532625786163522 0.350104821802935 0.01179245283018858 0.020964360587002063
