1 0.7864413579305014 0.4685431021231192 0.03219464619954427 0.10544018215603299
1 0.36333189010620126 0.3383713616265191 0.02695357004801432 0.07575830530237268
1 0.6949903488159179 0.7763464468496818 0.03336461385091146 0.1315273708767361
1 0.09868369897206625 0.4375818323206018 0.0383577028910319 0.07046924167209201
1 0.5287966092427572 0.43001423588505494 0.035241889953613284 0.0883909437391493
1 0.634047571818034 0.3738221910264757 0.02530218760172526 0.0894397876880787
1 0.8746986389160156 0.5635618986906828 0.027919960021972657 0.10763764558015046
1 0.011950151125590008 0.7136966846607349 0.023456668853759764 0.12819451226128473
1 0.6809077580769857 0.591028736255787 0.02931467692057292 0.1038044117115162
1 0.06841622193654379 0.3012086656358507 0.023987611134847 0.08729307386610242
1 0.2592829704284668 0.3354326318811487 0.016825342178344728 0.07084966588903356
2 0.5867838541666667 0.38819376627604174 0.023466428120930985 0.09487539220739294
1 0.5087748209635418 0.40606372974537036 0.024132315317789713 0.09297745316116898
1 0.3095490455627441 0.38271487200701676 0.027569452921549484 0.08377583821614581
1 0.8347169876098632 0.543323658130787 0.024271392822265626 0.1030305650499132
1 0.2947084426879883 0.34625238489221644 0.028673585255940756 0.07077037669994213
0 0.3211611683870501 0.4194531025810769 0.010650451510448527 0.014989524348038828
