1 0.07746954687735606 0.6917770385742196 0.03705620735691989 0.11845454463252329
2 0.21475540114051742 0.47364464402764045 0.027663251031639816 0.09357416453938555
1 0.26456100145975747 0.6343351010923033 0.0341282844543457 0.107533038104022
1 0.6506256103515625 0.6818936040013519 0.054251352945963546 0.10811808310414942
1 0.055396127700805736 0.6002183612287714 0.0308113427281844 0.1000210412143327
1 0.3267309563250344 0.3773063538269937 0.01826858261751147 0.07671226218894663
1 0.4537958020339074 0.4389134159794551 0.018652663528459998 0.08453179818612551
1 0.5998428617872126 0.5573632255729625 0.027974891662597656 0.08988963939525461
1 0.39180985179934197 0.41426883273654413 0.015524169076684344 0.08834773876048892
1 0.2924938894203305 0.3657856128833912 0.01559383486874031 0.08057064480251734
1 0.4918616226574447 0.5106806437174478 0.023045557754307496 0.09531207614474818
1 0.6222087146603046 0.5765095522128818 0.03143503777788759 0.07072506416968748
1 0.6626971324868656 0.5239708794487846 0.02968340132097639 0.08567923086660878
1 0.23415264718529474 0.4190836305971498 0.019762715355493926 0.08896269621672447
1 0.6208019216716528 0.35858375849046703 0.018458196542944925 0.07400915497912865
1 0.6676391648643526 0.49357828440907253 0.02164819317407479 0.08196927461494347
1 0.90714111328125 0.7509924994574653 0.02129618326822917 0.09827377884476274
0 0.625860317846278 0.6114104414968223 0.00846421888840979 0.014162353172763886
1 0.24546836309657138 0.41712065890796685 0.012447380718249584 0.08231867781669053
