1 0.018731482823689777 0.5683972394024884 0.02790327469507853 0.10978387903284144
1 0.42207797368367517 0.6745743928132234 0.03691317240397136 0.10990125868055556
1 0.6835661570231121 0.7761847036856193 0.032835197448730466 0.12749509458188657
1 0.22519296010335288 0.6229057029441551 0.0349647839864095 0.10669583921079283
1 0.9325065612792969 0.862382337782118 0.03069349924723307 0.13197287100332755
1 0.5537913004557291 0.28918541802300346 0.02203477223714193 0.0673935784233941
1 0.14912967681884765 0.7478661996346933 0.033295726776123045 0.10882624873408565
1 0.13265782992045083 0.6824702510127315 0.03395700454711914 0.112800372088397
1 0.1819931983947754 0.34461941189236106 0.02758822441101074 0.07677120632595485
1 0.4111749013264974 0.5632895010489005 0.02217524846394857 0.09966707582826968
1 0.8486433664957683 0.32935621473524307 0.03158868153889974 0.06962011831778067
1 0.2633727391560873 0.4233847158926504 0.02352004051208496 0.0906545568395544
1 0.9606465021769205 0.30534865767867475 0.02957750956217448 0.07382269965277778
1 0.8925326029459636 0.4012036076298466 0.01899255116780599 0.08714492232711227
1 0.7809096018473308 0.317334493001302 0.02403087615966797 0.06665454440646701
1 0.7829753875732421 0.3622695075141059 0.01859111785888672 0.06974001283998843
2 0.4217536608378093 0.23876048900462962 0.021628570556640626 0.07440109252929687
2 0.7643994649251303 0.40568203396267355 0.020337231953938804 0.09466063887984663
1 0.4072383562723796 0.2468777409306279 0.017882029215494793 0.06592154326262298
0 0.1872206464228352 0.3743109666234568 0.008054403954776745 0.011455152291238092
