2 0.893175760904948 0.8237756799768517 0.04215443929036458 0.10740073875144676
1 0.5569947560628256 0.7496247468171297 0.036563746134440106 0.10507727728949653
1 0.34044717152913406 0.6040180347583912 0.033791764577229814 0.08640164975766783
1 0.28257506688435874 0.8790764702690973 0.03321889241536458 0.1260015982168692
1 0.5973726272583008 0.4675652398003473 0.030516560872395834 0.07001690334743924
1 0.49108918507893884 0.9054213912398726 0.03798379898071289 0.11624846281828702
1 0.7286872863769531 0.3381385803222656 0.022701708475748695 0.0742879796911169
2 0.26919314066569006 0.5080895317925347 0.03125116030375163 0.0803198355215567
1 0.11939614613850912 0.46058338306568286 0.029155413309733078 0.07200724283854167
1 0.1295124371846517 0.612091855649595 0.03871519565582275 0.08874325222439236
1 0.18476293881734215 0.31384121930157693 0.026141198476155602 0.06179187915943287
1 0.5076884587605794 0.40604762324580435 0.02306842803955078 0.07528392650462963
1 0.3272689183553059 0.3831164889865451 0.022942543029785156 0.06761028148509839
1 0.4795202573140462 0.7779260140878183 0.02980912526448568 0.1018535472728588
1 0.539146614074707 0.42986467149522567 0.0198149045308431 0.07907604641384548
1 0.25655625661214193 0.24889077080620658 0.01705333391825358 0.050678111888744215
1 0.39995298385620115 0.34216144703052664 0.02637939453125 0.07189271714952257
0 0.5651533302627824 0.7760818577036747 0.009278802452284652 0.01793005304789318
