1 0.18680808446507202 0.44872526025655746 0.03689937944088485 0.06921002482669829
1 0.1558607292175293 0.6282596969604493 0.028872203826904298 0.11208038330078125
1 0.2923241519927979 0.5782351779937744 0.037282466888427734 0.10838441848754883
1 0.23390666387181067 0.33255868578073483 0.028783969803008364 0.08766819000244132
1 0.3252485942840576 0.5131440448760987 0.042858219146728514 0.09992136001586914
1 0.10784115332234138 0.2749256753921509 0.025237017032866536 0.08607979774475095
1 0.05042762431698675 0.449770916460781 0.0279865806659531 0.10280294131999962
1 0.07818250132368476 0.3953142753900575 0.02747350786593615 0.08511378930777518
1 0.30492498993873596 0.4339763116836548 0.02905381441116333 0.0920354175567627
1 0.3531723213195801 0.37020920276641844 0.023932838439941408 0.09023598670959472
1 0.3380685964544377 0.38872173786163267 0.032437928382509036 0.09725884437561022
1 0.647398554139249 0.5366022001579616 0.03367034055428991 0.05475921630859379
1 0.07312436209721242 0.38663654905127176 0.01853669851459617 0.0970810877160834
