1 0.010377660393714905 0.2997251722547743 0.02075532078742981 0.09303879914460358
1 0.21216239929199215 0.27551275182653356 0.0368473211924235 0.08634375113028067
1 0.3009540557861328 0.211343256632487 0.023566786448160806 0.07586565370912905
1 0.3683614095052083 0.29671523482711226 0.03186353047688802 0.09115196510597512
1 0.4707139333089193 0.2258686206958912 0.01910123825073242 0.08211247479474103
1 0.49024855295817055 0.21534155386465567 0.024808343251546225 0.07295508208098235
2 0.1427723248799642 0.23252557825159145 0.03548246224721273 0.08712683783637151
2 0.6353302001953125 0.9109402126736111 0.0748874028523763 0.17811951813874422
1 0.6604544957478841 0.28252956249095773 0.04587554931640625 0.05113627115885417
1 0.006235381464163462 0.43742907488787625 0.012470762928326924 0.1020584954155816
0 0.6411153376364263 0.24458199551327658 0.0072871542072122965 0.012954940812821825
