1 0.7471732457478842 0.38307820072880494 0.02470143636067708 0.09590504964192709
1 0.8011842727661133 0.43775945592809606 0.02645721435546875 0.09978177105938947
1 0.5797754923502604 0.3100750393337674 0.027965736389160157 0.08664666635018808
1 0.25989983876546224 0.39199546531394674 0.02417416572570801 0.0903235258879485
1 0.7182941436767577 0.9126844052915221 0.04006067911783853 0.14793418601707176
1 0.5247018178304036 0.665954194245515 0.02673152287801107 0.1190673828125
1 0.3943790435791016 0.3728741115993924 0.025245348612467453 0.09593655621563947
1 0.39762439727783205 0.512057551631221 0.025968647003173827 0.10527414392541956
1 0.5026643435160318 0.34592279504846646 0.023678143819173172 0.0933396233452691
1 0.45495007832845047 0.2925348352502894 0.03865664800008138 0.08044201886212385
1 0.3179937362670898 0.3553290473090278 0.025609779357910156 0.09602946528682002
2 0.7599108378092448 0.5215569390190972 0.028278477986653647 0.11125200059678819
1 0.5760630289713542 0.5095137984664352 0.02701594034830729 0.1014993738245081
1 0.3044682502746582 0.4120450337727864 0.027567672729492187 0.0983266759801794
1 0.2390998681386312 0.3143341629593461 0.02980349858601888 0.0725309583875868
1 0.5631561915079752 0.4585553204571759 0.02315584818522136 0.0992770724826389
2 0.755193837483724 0.11122188568115235 0.019563992818196613 0.0633418189154731
