1 0.7510450998942058 0.8367416381835939 0.051288604736328125 0.13227414731626158
1 0.903635851542155 0.5208291512948495 0.047420501708984375 0.10826204087999132
1 0.6954249064127604 0.38040325023509847 0.033746337890625 0.08419585051359954
1 0.6826950709025066 0.4901013409649885 0.03727035522460938 0.0972726892541956
1 0.7321403503417969 0.6285864935980903 0.04359582265218099 0.11215848569516783
1 0.7585133870442707 0.36348978678385413 0.025220425923665368 0.08684794108072919
1 0.5830120086669922 0.36278457641601564 0.04083169301350911 0.07899492051866319
1 0.30642127990722656 0.5269808168764468 0.03267542521158854 0.11195845427336516
1 0.24777151743570966 0.7276042796947338 0.028926849365234375 0.1364063404224537
1 0.6123090108235677 0.3239356146918403 0.04111569722493489 0.08288537484628183
1 0.22430588404337568 0.7012334752965856 0.027445427576700845 0.13446740044487848
2 0.5688488006591796 0.2967984234845197 0.028013547261555985 0.07721080073603877
1 0.7015569051106771 0.6171365243417245 0.03212674458821615 0.10979456018518519
1 0.20450372695922853 0.667655266655816 0.030019871393839517 0.12834563078703703
2 0.8059534708658853 0.5932096128110532 0.035594813028971356 0.11318483705873844
0 0.6300908275120007 0.3645046620105032 0.009274768190348937 0.01128158937773442
