1 0.3100624726908599 0.4526187216713135 0.02807573447901831 0.11227103205474281
1 0.44329329490661623 0.570894045829773 0.03717679977416992 0.1315617275238037
1 0.8994205737113973 0.40472891378693804 0.03841334675869072 0.10757943153381348
1 0.6459024226665497 0.487662672996521 0.03167094945907593 0.12711901664733888
1 0.6456664597988129 0.37041625022888186 0.030920093059539796 0.08379499435424805
1 0.35897247407778266 0.44062816913542674 0.035114930193737126 0.11065204033022144
1 0.8352750396728514 0.891988105776041 0.04699827670099098 0.2116935920715332
1 0.13787335991859437 0.34243317604064943 0.022188599109649657 0.09040849685668945
2 0.21194377509490941 0.2959993121609443 0.016317689542806504 0.06564725382055488
1 0.5172604225323759 0.3142403494536403 0.014333009371390995 0.08134512805356592
1 0.35685799598693846 0.38930799007415773 0.02083139419555664 0.07448527336120606
1 0.9408412650395636 0.30709587875905 0.014752699339349149 0.0777508505136933
0 0.18830143647962225 0.40676088114267617 0.007584097058778987 0.013482839215607072
