1 0.5693892838923862 0.59354214477954 0.032687989928420626 0.09549726293813085
1 0.0418399178981781 0.32941737651824954 0.0339659333229065 0.08573328971862793
1 0.27019659757614134 0.4448660135269165 0.04010697841644287 0.08661114692687988
1 0.5721019651661373 0.805733934880465 0.026657909611264616 0.1162367057800292
1 0.5332955476680531 0.3910385478309988 0.02351867578548774 0.08495873451232933
1 0.27865300059318543 0.36019095420837405 0.03849973440170288 0.0801747703552246
2 0.16682960748672485 0.3550972270965576 0.03565310001373291 0.08847562789916992
1 0.392416934967041 0.3087821578979492 0.01893749237060547 0.07262454986572266
1 0.5686430604148183 0.4822986275341217 0.03841336996529161 0.09256544113159204
1 0.4049881744384778 0.26978957272405 0.01934967041015629 0.06942465020884206
1 0.5599072138673686 0.460827288627626 0.02894152898917461 0.0843329524993899
0 0.4682209736800032 0.29930703799362385 0.008087989609124975 0.014378648193999977
