2 0.09323728879292807 0.3968594303837529 0.02741614977518718 0.10663649947554976
1 0.29840294520060223 0.32166835643627034 0.03610038757324219 0.08884978117766204
1 0.6134064992268881 0.7115624321831596 0.04663550059000651 0.12333034939236111
1 0.22688016891479493 0.5511558250144676 0.04036463101704915 0.11494864004629629
1 0.4566905975341797 0.4167086000795717 0.025869973500569663 0.09200255782515915
1 0.3381214141845703 0.3226090042679398 0.037324682871500654 0.10175032439055266
1 0.5212532679239908 0.5333550347222222 0.02751096089680989 0.11079474555121528
1 0.31120611826578776 0.4265043470594618 0.028823979695638022 0.09042960272894965
1 0.7443180084228516 0.3855012399178964 0.03525543212890625 0.07656379982277199
1 0.2896919886271159 0.5295565004701968 0.04317744572957358 0.1010308724862558
1 0.6644314448038737 0.578656005859375 0.03712170918782552 0.10130643491391782
1 0.4275571823120117 0.3740775214301215 0.02233146031697591 0.10201978330258969
1 0.43433652187248684 0.3896492589855128 0.02490781674505846 0.08688557536302884
1 0.661893519491013 0.6458935355282261 0.04349378135579457 0.10214177459687271
0 0.6116877348395713 0.7494672041615036 0.013960966854946405 0.02672868867955558
