1 0.3973869641621907 0.5472017641420718 0.025561650594075516 0.11316330521195023
1 0.47112824122111 0.5294321695963542 0.03445421854654948 0.09748399522569445
1 0.37267220815022783 0.45999925401475694 0.03187106450398763 0.10271671436451099
1 0.5122761090596516 0.48032825611255786 0.027771186828613282 0.11280834056712961
1 0.12536444664001464 0.7195588288483796 0.03982471625010173 0.13448096381293403
1 0.6008040110270182 0.5421073065863715 0.028442700703938797 0.11567055031105325
1 0.8053785959879556 0.5215901692708332 0.04178619384765625 0.0951818960684317
1 0.3161115646362304 0.4722212614836516 0.031816260019938154 0.1075137668185764
1 0.4234101931254069 0.8076719495985243 0.050214894612630206 0.15809993037471065
1 0.5871211369832356 0.4741508201316551 0.02863070170084635 0.09244435628255208
1 0.561717923482259 0.5007592660409432 0.02336540222167969 0.11821235374168113
1 0.5931603773584905 0.546470999301188 0.052672955974842776 0.025157232704402545
1 0.32350628930817615 0.43535988819007687 0.016509433962264133 0.06289308176100626
