1 0.1382635222070781 0.7660055655020254 0.02849517219741824 0.09836985270182291
2 0.5081427256266275 0.5099312111183449 0.023932584126790366 0.07459425749602142
1 0.25632104873657224 0.5206835711443866 0.02104299863179525 0.07105622468171297
1 0.2332775274912516 0.3448650218822338 0.019780731201171874 0.057277340359157984
1 0.5651449839274089 0.5794270268192998 0.02096093495686849 0.07082994249131945
1 0.7989352544148762 0.5504050925925926 0.02557309468587239 0.07140531186704283
1 0.3782511711120605 0.3978878445095486 0.018507893880208334 0.06275725188078704
1 0.41390921274820963 0.5130339445891203 0.026118151346842446 0.07250343605324074
1 0.028046097358067828 0.573155042860243 0.03182770013809204 0.07418410689742477
1 0.7328234354654947 0.3915898075810185 0.01815687815348307 0.06196998313621238
1 0.05147504806518555 0.5005510118272569 0.030629448095957437 0.07291138260452835
1 0.9217100779215496 0.551131750036169 0.025205612182617188 0.08343353271484374
1 0.5993525822957357 0.3832464147497106 0.016169230143229168 0.0592127764666522
1 0.7173543294270833 0.6488330982349537 0.02533747355143229 0.07949150933159722
1 0.8384611789084135 0.6370966028284143 0.02715346018473307 0.08552443892867476
1 0.8504987033810898 0.6260106526020424 0.021710586547851563 0.09127202917028358
2 0.15295006434122724 0.28899089671947337 0.015551455815633138 0.05076121577510127
1 0.3169235651466717 0.7462508400081237 0.026461504197242868 0.09398187707971645
0 0.8228089014689128 0.5949943825050638 0.01122296651204427 0.01578357837818287
