1 0.417231559753418 0.6215347290039063 0.03690258661905924 0.09462223759403936
1 0.5639266967773438 0.5176092642324942 0.03126653035481771 0.07479067201967593
1 0.3024340947469075 0.5625191017433449 0.03660402297973633 0.0839084201388889
1 0.7195034662882488 0.48853341561776614 0.030303955078125 0.06602065474898727
1 0.4848302205403646 0.5686991373697917 0.03614594141642253 0.08497404875578704
1 0.22481791178385419 0.5796914559823495 0.027208757400512696 0.08580525716145831
1 0.15516608556111655 0.5723290902596933 0.02690765062967936 0.0916618064597801
1 0.7036492665608725 0.42879621717664934 0.02592404683430989 0.05180200647424769
1 0.44440657297770186 0.4602300290708189 0.02195889155069987 0.05839408591941551
1 0.5018925031026205 0.49383352774160877 0.023832956949869796 0.06086013228804977
1 0.27059097290039064 0.5239202428747106 0.027304633458455404 0.08262617323133681
1 0.11502448717753094 0.5217703360098379 0.02485069433848063 0.07541402180989583
1 0.14027811686197916 0.495190034089265 0.02691490650177002 0.07226938318323206
1 0.329711405436198 0.708754532425492 0.04156961441040039 0.1174522117332176
1 0.18665288289388018 0.4257893315067997 0.017949024836222332 0.05488210607458043
2 0.2325791041056315 0.7971064814814816 0.034923887252807616 0.15662751374421297
2 0.39825401306152336 0.49747438783998843 0.025638135274251305 0.06650752314814815
