1 0.6437695821126301 0.6781889173719619 0.04111735026041666 0.15926864058883103
1 0.34362201690673827 0.6941938612196181 0.038459364573160806 0.15845986825448496
1 0.37936127980550133 0.7116520634403934 0.042732874552408845 0.1681486341688368
1 0.42103455861409506 0.6388189810293692 0.04398260116577148 0.15314794469762733
1 0.10436933835347492 0.5119704069914641 0.032239492734273276 0.10384077849211516
1 0.35115973154703783 0.5370168050130208 0.03516985575358073 0.12471872965494792
1 0.1493221124013265 0.5212259928385417 0.041105055809021 0.10682734736689815
1 0.2521059036254883 0.5197742603443287 0.0365501880645752 0.11595848931206597
1 0.8831361134847004 0.5984294750072338 0.03551038106282552 0.13814442952473957
1 0.3229456746822607 0.5016184258641995 0.03412897529613991 0.08423634895099007
0 0.5029559256293018 0.3509037888486176 0.012322906911067051 0.016065419380354128
