1 0.767427635192871 0.7104372377748842 0.013859430948893227 0.03486576786747685
1 0.4258466720581054 0.6856788917824074 0.01393750508626302 0.03505831117983218
1 0.24364651044209798 0.6596463803891782 0.009922981262207031 0.029349546079282408
1 0.5267908096313476 0.5345704255280671 0.007860279083251953 0.026499034740306713
1 0.4964329401652018 0.5803443060980902 0.009871164957682291 0.02694843433521412
2 0.3678349177042643 0.5951284337926793 0.009259891510009766 0.026953803168402776
1 0.49053001403808594 0.6093905413592303 0.010105037689208984 0.03057239673755787
1 0.3057889938354492 0.5568938078703703 0.008533382415771484 0.024954506202980325
1 0.4026562565720596 0.5415199857625776 0.005796566437985371 0.024227337593042
1 0.2799947420756022 0.5816285309968171 0.007752227783203125 0.0217864990234375
1 0.34295508066813146 0.5144141303168402 0.006154282887776693 0.018249342176649305
1 0.4586739857991537 0.6549323187934029 0.008516311645507812 0.03301436812789352
1 0.42797489166259767 0.5559716683846933 0.008605321248372396 0.02598967375578704
1 0.5046563466389974 0.5150551124855324 0.0066304842631022135 0.019192900481047454
1 0.4773540496826172 0.593778426558883 0.008170223236083985 0.028034012405960648
1 0.2555930296579997 0.5805439136646412 0.008280754089355469 0.02479366726345486
1 0.16089290082748992 0.6834345208247821 0.011086622873941875 0.02938028971354161
1 0.2858107248942057 0.5488968460648149 0.008051077524820963 0.023293558756510416
1 0.33227650324503577 0.5424989488389756 0.006838734944661458 0.02137688530815972
1 0.4356790542602539 0.5613907425491899 0.008694775899251302 0.0296651769567419
1 0.4079788186550269 0.5388450285415572 0.006001381392063508 0.01896732884405253
