1 0.5885070164998378 0.5018113878038194 0.021842857193327583 0.07616865370008678
1 0.47719669342041016 0.575861499927662 0.027210330963134764 0.08254479302300347
1 0.5086093266805013 0.9065566451461227 0.027156194051106766 0.10371297200520833
1 0.8583601633707683 0.6340440538194444 0.026280339558919272 0.0862142492223669
1 0.649926070964456 0.5554447513095546 0.03409559845153334 0.07239372534769764
1 0.42223313649495436 0.5605882997866031 0.025217660268147788 0.08210471824363426
1 0.44439258575439455 0.8309766981336806 0.027936522165934244 0.09522541187427662
1 0.5827972412109376 0.32335092050057873 0.017354774475097656 0.05718841552734375
1 0.23232240676879884 0.3495599252206308 0.020832173029581704 0.06605363068757233
1 0.5772654215494791 0.6400253861038773 0.03502356211344401 0.06657307942708333
1 0.7452246348063152 0.3869495533130787 0.019298362731933593 0.06399281819661458
1 0.5057111104329427 0.3983027988009983 0.019747416178385418 0.06789974636501736
2 0.6864681243896484 0.1694829728868273 0.018051338195800782 0.05356739185474537
1 0.7360093434651692 0.2866318314163773 0.01693121592203776 0.06231997454607928
2 0.7373650868733723 0.6167451081452546 0.02326265970865886 0.084461749041522
0 0.5616897748881727 0.6087770737811085 0.007970324914138445 0.012550098912421107
