1 0.6300901552392945 0.7893890298234808 0.02812437946678586 0.11249509551114117
1 0.7437010447184244 0.549979485405816 0.034265327453613284 0.09143495912905093
1 0.5424084981282552 0.5293806853117766 0.028728485107421875 0.07360297309027777
1 0.166457462310791 0.5177281132450811 0.026502513885498048 0.09182106300636575
1 0.44173088538494004 0.4859766407610755 0.022420050342898432 0.08495189525462983
1 0.7366151173909504 0.44476120560257526 0.028456179300944007 0.0918198479546441
1 0.06253145535786947 0.3766603823061343 0.0275824507077535 0.08631182070131656
1 0.48867816925048885 0.44951166702879886 0.019626414060634624 0.09481783266420762
1 0.5222231693909807 0.6771214955077173 0.024534294996551624 0.10024452499111135
1 0.43072642889696006 0.5714958004204441 0.020509235767265446 0.0923625196690881
2 0.0610228697458903 0.20304907339590567 0.023484655221303306 0.074285888671875
1 0.1250639994939168 0.37589230007595487 0.022422361373901366 0.08724410445601852
1 0.5592898050944011 0.34499918619791664 0.019541041056315104 0.0776410703305845
1 0.41373905865962557 0.4260448149276246 0.016519788185797506 0.07750281883309779
1 0.33159583409627275 0.43087550975658273 0.02220853169759114 0.08906176531756366
2 0.34261424360368264 0.41515973913298576 0.016498069319993938 0.08487668516158203
0 0.6522589365641277 0.3787464848271123 0.009523836771647136 0.01668689869068287
