1 0.21004749933878583 0.6820926242404514 0.04864824612935384 0.1427806712962963
1 0.6660589218139649 0.42647258617259837 0.04414685567220053 0.10672697844328702
2 0.9827965418497722 0.49051920572916663 0.029508336385091146 0.11295835706922742
1 0.41927808125813804 0.48231975414134837 0.0443081537882487 0.11037812409577547
1 0.3572904268900553 0.47381795247395836 0.02768770853678386 0.11044478239836517
1 0.4494427363077799 0.4043708801269531 0.036160786946614586 0.09630087393301505
1 0.9284919102986653 0.43159798516167536 0.03592809041341146 0.11622806125217014
1 0.5564441045125325 0.9474763093171297 0.04830881754557292 0.1050474378797743
1 0.5309430440266927 0.3902765344690393 0.034384632110595705 0.09703374792028356
1 0.49083824157714845 0.3783992060908565 0.022989273071289062 0.0964832447193287
1 0.9108257293701172 0.42460694489655665 0.02604719797770182 0.1161369041160301
2 0.9888644536336264 0.2732726203070747 0.0214141845703125 0.07877694589120371
0 0.314886220296224 0.4224012304235388 0.009232521057128906 0.01561934859664352
