1 0.5534768422444661 0.43934888486508966 0.03409449259440104 0.10235623960141782
1 0.5334250132242839 0.5753317373770255 0.03769407272338867 0.10675229673032409
1 0.3953022638956705 0.4239687319155092 0.039472039540608725 0.08768115573459202
1 0.42727133433024095 0.5456927264178241 0.041263675689697264 0.10036214192708331
1 0.7321901957194011 0.6039055718315972 0.03928941090901693 0.1170431066442419
1 0.6111213684082031 0.47361650820131657 0.02949091593424479 0.09228136980975116
1 0.45258658727010087 0.4422246579770689 0.030846786499023438 0.10864523428457755
1 0.3711726506551107 0.6487451623987268 0.04383764266967773 0.09558687563295716
1 0.49107990264892576 0.48199242485894095 0.038793055216471355 0.09653763947663484
1 0.619619115193685 0.3918524282949942 0.027262179056803382 0.09010755750868055
1 0.810023816426595 0.5042574282045718 0.03252983093261719 0.10422561080367476
1 0.8684588114420572 0.45064897890444156 0.033818499247233076 0.10211164686414931
1 0.2099660873413086 0.5758121066623265 0.029450130462646485 0.10981371844256366
1 0.3774256070454915 0.7603878445095487 0.04031117757161459 0.11126183403862847
1 0.6797552108764648 0.3788399307816117 0.028823725382486978 0.10470959698712384
1 0.5504189173380534 0.7146210281937211 0.033632914225260414 0.11071065266927084
2 0.9514690399169922 0.1600317778410735 0.02384993235270182 0.07498334248860677
1 0.9726806640625 0.6769864117657697 0.022656567891438804 0.12972615559895834
1 0.5871840794881185 0.4440168592664931 0.0214813232421875 0.10475260416666667
2 0.8608522415161132 0.6680045233832466 0.02919832865397136 0.12339805320457176
0 0.3915094339622642 0.7994409503843465 0.015723270440251583 0.025157232704402618
