1 0.2923721631368001 0.5207999900535301 0.02987162272135417 0.11249756989655671
1 0.8408059438069663 0.6296505398220487 0.050167210896809894 0.13940966570818866
2 0.19068209330240887 0.5700553046332465 0.03221220970153808 0.13351508246527777
1 0.29917418162028 0.6746042887369792 0.033025105794270836 0.1381105211046007
1 0.526604429880778 0.563243329083478 0.030938021341959634 0.10063600893373843
1 0.46650778452555336 0.38311663027162907 0.023596986134847005 0.09098832872178819
1 0.606450653076172 0.5194089536313657 0.028552691141764328 0.12018234818070023
1 0.49367192586263015 0.43740409568504046 0.028481388092041017 0.10888084129050926
1 0.5219019571940104 0.42446715743453417 0.02563133239746094 0.11496225992838544
1 0.47234961191813146 0.4541580765335648 0.031073474884033205 0.10427291304976852
1 0.7066886289021836 0.5415892404007471 0.031040695686842826 0.11972138068696685
1 0.5611979166666666 0.5451933684172453 0.027050145467122397 0.08825417977792245
1 0.6596554438273112 0.5248572455512153 0.027041753133138016 0.11253204345703124
1 0.6304443359375 0.4537695425528067 0.028672091166178384 0.11191793371129918
1 0.07847235667630557 0.18507421001698238 0.017362694920233932 0.08913443383430804
1 0.6946214017171185 0.5414333202220766 0.0308271453979561 0.11748080783420113
0 0.08367468338660845 0.2230049389897586 0.009937028464380368 0.012145257012020422
1 0.5818127084220542 0.5106660991215336 0.021785014453190497 0.09467068009287673
1 0.5801990036477429 0.4991908651708817 0.026626128776121437 0.09467068009287624
1 0.6469660386848365 0.5397127850591208 0.04397345509995837 0.10829752040927552
1 0.6338546873935627 0.4930946471345964 0.017750752517415067 0.052355754899849005
