1 0.5068373044331869 0.5667987399631077 0.03883508046468099 0.14143654152199073
1 0.5049139022827148 0.3525915922941985 0.03043079376220703 0.09694140398943865
1 0.5965028127034505 0.3778813680013021 0.03619092305501302 0.10854836923104745
1 0.904050064086914 0.4170066268355758 0.03204434712727865 0.11793535020616319
1 0.672914695739746 0.35789975766782406 0.03009618123372396 0.09303066112377026
1 0.8214850743611655 0.5178356029369213 0.027681732177734376 0.12067684597439236
1 0.665876070658366 0.43892048023365166 0.029336293538411454 0.10920130411783853
1 0.6550944646199546 0.702261917679398 0.03464317321777344 0.14021210847077548
1 0.7171844482421875 0.26711860939308446 0.026784706115722656 0.10184969019006801
2 0.4610625087090259 0.251683028439056 0.037760007606362216 0.0887151119677359
2 0.9444453557332357 0.47151418615270546 0.036572774251302086 0.11687006067346645
1 0.47985452016194663 0.42249456334997104 0.027850659688313805 0.10664695457175925
1 0.49506556193033857 0.4514387060094763 0.02338387171427409 0.11157978199146414
1 0.6266887664794922 0.3399957162362558 0.03032093048095703 0.10306647971824363
1 0.635518237307972 0.33103615089699107 0.015900938422094963 0.08815892537434905
0 0.5840346029117387 0.3924637288383164 0.00890192133267405 0.015825637924753905
