1 0.6665091196695964 0.5680907072844328 0.0306060791015625 0.12167980052806714
1 0.9152056376139324 0.8060100979275174 0.04116357167561849 0.1521538628472222
1 0.6140419006347656 0.5626777931495949 0.03066730499267578 0.11245897081163195
1 0.3678244908650716 0.5523672598379629 0.030995496114095054 0.10847993073640046
1 0.30581938425699867 0.5953597457320602 0.031447442372639973 0.11393410011574075
1 0.6781848907470702 0.36650594075520837 0.030298678080240882 0.09598323680736401
2 0.9129666010538737 0.5764669912832755 0.029590606689453125 0.123284912109375
1 0.2888376553853353 0.4969155770760995 0.0436449686686198 0.08832114890769675
1 0.9434176127115886 0.3794422008373119 0.0323638916015625 0.09911465115017361
1 0.3445282936096191 0.5417140819408275 0.043547439575195315 0.11163149233217591
1 0.4425795873006184 0.526900793004919 0.024554665883382162 0.09754983407479745
1 0.895578638712565 0.31286180284288195 0.02232189178466797 0.08814414695457176
2 0.8652828216552735 0.27009882043909145 0.03251857757568359 0.08737513224283854
1 0.2600157896677653 0.5838547318070023 0.038311100006103514 0.11759270562065974
1 0.4645339012145996 0.5015510276511863 0.024218877156575516 0.11454131514937789
1 0.9846522013346355 0.4149084585684317 0.030492591857910156 0.09775667543764467
1 0.41513214111328134 0.5250792326750578 0.029897562662760415 0.10078006320529515
1 0.5996349334716797 0.45804689195421006 0.03240756988525391 0.10559573703342014
0 0.6088836477987422 0.2529699510831586 0.011792452830188722 0.016771488469601685
