1 0.9409460703531901 0.4856505217375579 0.050317573547363284 0.187774658203125
1 0.5237251206254849 0.644461798316801 0.044963694416666256 0.20185988497272575
1 0.6795982360839844 0.4153418646918403 0.04449780782063803 0.18573390819408275
1 0.75456968943278 0.7651152434172453 0.04598108927408853 0.22563369185836227
1 0.7750455220540365 0.5099511323636449 0.04477990468343099 0.20925134719762373
1 0.8419992446899414 0.2505992465549045 0.03772722880045573 0.18698510064019097
1 0.8479005813598632 0.5802196361400463 0.04679450988769531 0.2032502916124132
1 0.3922072956397098 0.4774925834394517 0.04942828604260328 0.18691737603508127
1 0.8665475209554035 0.5044211493598091 0.052374712626139325 0.1614125287091291
1 0.6403745321923485 0.600080853293786 0.06094401746474616 0.2117315453287959
1 0.6689846830095689 0.562324845526654 0.062025738452699056 0.177999969410373
1 0.8904567670522248 0.9472563566984954 0.05317655239465066 0.10548723008897568
1 0.9022785823640987 0.1552431599611128 0.037927564203295676 0.17701899239692964
0 0.20394091849578985 0.558569945840959 0.017579804077761628 0.022631471916198864
