1 0.5149325052897136 0.34582234135380496 0.023385683695475265 0.07383620650679977
1 0.3504638036092122 0.25215507789894387 0.020566113789876304 0.05936595775462963
1 0.39707266489664717 0.25748539677372684 0.01907326380411784 0.06070121482566551
1 0.38500773111979164 0.39415353845666956 0.021668148040771485 0.07034132215711805
1 0.5630765914916992 0.38636047928421585 0.019444783528645832 0.06722994203920718
1 0.15226535797119142 0.2973145096390336 0.018588701883951824 0.06881917317708333
1 0.7665056864420573 0.8549601236979167 0.047488975524902347 0.09315660264756945
1 0.47551301320393885 0.32252818919994214 0.021693960825602213 0.06872877898039641
1 0.46250502268473304 0.36648785626446767 0.020570119222005204 0.07134953251591435
2 0.8493918100992838 0.9062965110496239 0.031378173828125 0.12168115686487269
2 0.21172391573588054 0.25656246609157984 0.0227630615234375 0.06565691630045573
1 0.533316707611084 0.3000753332067419 0.017400296529134114 0.06940106992368344
1 0.4432661056518555 0.3454717000325521 0.024405892690022787 0.07252386587637442
1 0.39484001795450846 0.3500808433250145 0.021523030598958336 0.0623920581958912
1 0.4282222747802734 0.26977086950231477 0.016269874572753907 0.06441223709671585
1 0.5251777331034343 0.2956237510398582 0.014587847391764323 0.06802605523003472
1 0.43878084818522134 0.29101031268084493 0.018990135192871092 0.05866800944010417
1 0.3824479738871257 0.3505112259476273 0.016545740763346355 0.05588229144061054
1 0.45416563739959015 0.3453558462637442 0.024646663665771486 0.07037774545175057
0 0.7860533768181328 0.8824111261013061 0.011715496661493319 0.01822410591787886
1 0.43336811273775583 0.27943629074080767 0.013179933744180162 0.05206887405108222
1 0.4114015564974555 0.3284678138055767 0.017085099298011316 0.04946543034852805
1 0.4214085432291479 0.32673218467054066 0.014644370826866862 0.05987920515874446
