1 0.27230637868245444 0.663896800853588 0.032948605219523114 0.1252642596209491
1 0.7591449737548828 0.5699740939670138 0.026484807332356766 0.10842968976056135
1 0.48907957077026365 0.7227970829716435 0.03382237752278646 0.13177077681929977
1 0.5122935930887857 0.5908823649088542 0.02860736846923828 0.1088531494140625
1 0.2439711252848307 0.6224826388888889 0.0322086493174235 0.108479083025897
2 0.8374554951985677 0.6058397646303529 0.025833320617675782 0.12073432074652776
1 0.6710357666015625 0.7738017894603588 0.03476715087890625 0.12319963243272569
1 0.43724759419759107 0.6114369710286459 0.025848388671875 0.1023264001916956
1 0.372204335530599 0.541261574074074 0.029587713877360023 0.10566445809823495
1 0.23427225748697914 0.5389858669704861 0.02169291178385417 0.102284014666522
1 0.77628599802653 0.3623215286820023 0.018651962280273438 0.08499040956850407
1 0.44598420461018884 0.5372252287688078 0.02226998011271159 0.09219812463831019
1 0.3906165440877279 0.5587265579788773 0.01983019510904948 0.10915612114800347
1 0.8611797332763672 0.32571326361762154 0.020120175679524743 0.08886009498878762
1 0.43174470265706383 0.5472922996238426 0.02345867156982422 0.10297179045500579
1 0.3172804514567057 0.5796939425998263 0.024277464548746745 0.10654319480613425
1 0.4161118825276693 0.5119678073459201 0.023725668589274093 0.09677855880172165
1 0.3299537022908528 0.585257805718316 0.027060604095458983 0.12492574055989585
1 0.6575510660807291 0.3048734311704282 0.022470156351725265 0.08185727154767072
2 0.7778203964233399 0.30413575349030675 0.020014572143554687 0.0865041662145544
0 0.609588708354387 0.24084108613918295 0.00732218541343336 0.0121494039452525
1 0.4044670104980469 0.5625984474464699 0.02294778823852539 0.11827590377242476
