1 0.7224397023518879 0.5869927865487559 0.048971939086914065 0.12141960991753473
1 0.4882145881652832 0.45209672715928817 0.04142252604166666 0.1273239700882523
1 0.6642100652058919 0.5209888599537037 0.03610801696777344 0.1293330157244647
1 0.22375752131144208 0.44052807843243635 0.032843859990437825 0.12160856458875868
1 0.08490912413408645 0.35953414351851903 0.024755127023174527 0.10352701257776337
1 0.27393032709757487 0.4536134507921007 0.04294713338216147 0.11420782583731193
1 0.6334844380681389 0.41753380209930585 0.05330939890239151 0.0995016274552669
1 0.1139845524184479 0.3466314349637315 0.03601608156215558 0.09442878483294927
1 0.3100994745890299 0.5113893862123843 0.03674103418986003 0.1337858412000868
1 0.27517344156901014 0.36783322519132844 0.02728028297424313 0.11284283407225379
1 0.371973388790656 0.4332188433165133 0.026947184789965432 0.10709231127723756
1 0.3745097957298922 0.40927768216280364 0.03657866282967791 0.11533057329758675
