1 0.5469573974609375 0.5586519029405381 0.026983197530110678 0.06802763762297453
1 0.6158679326375326 0.4209425184461806 0.021728515625 0.06757439507378472
2 0.7796211242675781 0.40720949526186345 0.017588488260904946 0.06961056744610822
1 0.5844029744466146 0.238050220630787 0.016414451599121093 0.05305324130588108
1 0.5126450856526694 0.5492832325122975 0.020080153147379556 0.07332560221354166
1 0.8367419560750327 0.35316874186197916 0.01993980407714844 0.058390497278284145
1 0.6826864242553711 0.5237436930338543 0.018722915649414064 0.07367808024088542
1 0.5346603393554689 0.38977016872829856 0.01560951868693034 0.06258714463975694
1 0.27475563685099286 0.4507131505895544 0.019459867477416994 0.07477631745515047
1 0.5460965474446614 0.2989154956958912 0.015175946553548177 0.05546829788773148
1 0.529857063293457 0.4702717533817997 0.02933047612508138 0.05846498277452257
1 0.802309799194336 0.3151320280852141 0.015202013651529948 0.05315088342737268
2 0.5051465352376302 0.22200404979564525 0.018285751342773438 0.050297715928819445
1 0.6069625854492188 0.37157731232819735 0.013936297098795574 0.0573121812608507
1 0.5062781333923341 0.45722910563151037 0.017504564921061196 0.07073287963867188
1 0.5984872182210287 0.344517234519676 0.018644014994303387 0.058980164704499426
1 0.6084186553955078 0.33125361689814814 0.012745348612467448 0.060662785282841435
1 0.5036019643147787 0.41385147659866894 0.015560595194498698 0.05339906480577257
0 0.7841510772705078 0.3381053218135127 0.00842749277750651 0.012850047923900463
