2 0.7266475677490233 0.43511287547923905 0.03420931498209635 0.10157272904007524
1 0.35907974243164065 0.7109673394097221 0.04197638829549153 0.152823328088831
1 0.837017313639323 0.34052983036747686 0.03705883026123047 0.07439789948640047
1 0.05869423945744832 0.5346760502567998 0.03949135939280192 0.1218229788321036
1 0.10768006642659506 0.3946417914496528 0.038596669832865395 0.10760393495912907
1 0.3847944895426433 0.5045763934100116 0.028016535441080726 0.11265515927915219
1 0.5458843231201171 0.3663968686704282 0.03029797871907552 0.0785048590766059
1 0.8699850718180339 0.34845651697229457 0.021984291076660157 0.08308269359447339
1 0.9659019470214844 0.5502283166956018 0.02584374745686849 0.12714414243344907
1 0.886085065205892 0.4546693589952257 0.036255264282226564 0.10897083988896122
1 0.17655808130900066 0.38063654016565385 0.026880216598510743 0.09811228999385127
1 0.651324971516927 0.33302357991536463 0.020428148905436195 0.07912885877821181
1 0.5675549189249675 0.3879287154586227 0.029811223347981766 0.09433944137008102
1 0.5187688191731771 0.38677393595377607 0.025439580281575516 0.09383251048900464
2 0.10964131355285645 0.2662478411639178 0.02187084356943766 0.07123551545319734
1 0.4271876017252605 0.4874269838686343 0.027709547678629556 0.11929075453016492
1 0.9823486328125 0.5163200095847801 0.029973983764648438 0.11720818413628473
1 0.99029541015625 0.69693682635272 0.0194091796875 0.15849858036747685
1 0.895984141031901 0.42855786924008965 0.02651170094807943 0.09758973298249421
