1 0.5893538157145183 0.4486738982024016 0.021309725443522134 0.07273876048900463
1 0.09050335884094238 0.7868065728081597 0.02539963722229004 0.0986204359266493
1 0.0696819543838501 0.7078511555989583 0.03369873364766439 0.08862982855902776
1 0.23475974400838215 0.4399104648166232 0.024530410766601562 0.0745778966833044
1 0.3407069206237793 0.41673324019820607 0.020232200622558594 0.07279835453739873
1 0.03828618923823039 0.5704660486291955 0.03173752625783285 0.08037923177083334
1 0.06724920272827148 0.5838712339048032 0.028080224990844727 0.09468248155381945
1 0.6696990966796875 0.3951084278247975 0.019801775614420574 0.07855329160337095
1 0.042058972517649326 0.4903153030960648 0.028754999240239457 0.0774911951135706
1 0.667259407043457 0.5777171947337963 0.020713424682617186 0.082490313494647
1 0.2395959218343099 0.5787818626121238 0.02193662325541178 0.08836195203993055
1 0.340688959757487 0.5756009702329282 0.019264698028564453 0.0836128517433449
2 0.2135404427846273 0.4235503585250289 0.022447681427001952 0.07308451334635417
1 0.18437868754069012 0.2758838229709201 0.019394350051879884 0.06056900024414062
1 0.49304167429606127 0.5363725450303819 0.019292418162027994 0.08627788402416088
2 0.9384288787841797 0.7610571967230904 0.04415594736735026 0.1107004236291956
1 0.15059369405110676 0.3295358163339121 0.016361792882283527 0.06686638726128472
1 0.31752986907958985 0.6837092646846066 0.0183470090230306 0.09344832808883102
1 0.06901825269063314 0.48334305374710645 0.027704024314880372 0.07953143649631077
1 0.8245262145996095 0.6060006035698785 0.03119195302327474 0.08560802318431714
1 0.05565953254699707 0.43289823178891784 0.021840016047159835 0.06753548516167535
2 0.08819842338562012 0.14647462632921007 0.01515045166015625 0.052499799375180844
1 0.007385167479515076 0.7133242006655093 0.014277980724970501 0.1114370275426794
0 0.8127793535771641 0.6072323965452974 0.008054403954776745 0.01527353638831741
