1 0.1453128178914388 0.4221902352792245 0.022141027450561523 0.07506230672200521
1 0.3361908594767252 0.32868635389539924 0.026175721486409505 0.0624037848578559
1 0.2179054578145345 0.5359573929398148 0.022337118784586593 0.07932507550274884
1 0.19735193252563477 0.3859949182581019 0.027717224756876626 0.06799211855287905
1 0.04782571792602539 0.39991734822591146 0.020158493518829347 0.0815500330041956
2 0.071955140431722 0.38725082962601276 0.024336588382720948 0.0594393977412471
1 0.38576739629109696 0.5385999891493055 0.033230018615722653 0.0744566175672743
1 0.3543874740600586 0.5693986680772569 0.023422972361246745 0.0838068644205729
1 0.3964366912841797 0.33448395905671297 0.019008636474609375 0.06415210300021701
1 0.3797744115193685 0.34598219129774305 0.018228435516357423 0.06528153596100984
1 0.38260199228922526 0.32551594486943 0.018386205037434895 0.0618255615234375
0 0.22608571052551268 0.40221616956922746 0.014417870839436847 0.016743130154079862
1 0.764937106918239 0.43186582809224316 0.02987421383647799 0.0726764500349406
1 0.38572953066914495 0.501106564161183 0.016419446078608287 0.07573654407430133
1 0.3775198076298408 0.49282287965305627 0.021300903020897197 0.06863624306733562
1 0.353112522918396 0.44943215127715447 0.01775075251741441 0.074947621740194
1 0.365316165274118 0.44943215127715347 0.016419446078608856 0.06705839839912081
1 0.3733040039069549 0.41905864141402327 0.014644370826866933 0.05680240805572595
1 0.3628754368029739 0.38986851505205294 0.015088139639802236 0.0489131847146529
1 0.35954717070595876 0.3610728498571363 0.01730698370447904 0.040235039039472585
1 0.3644286276482477 0.3547614711842779 0.013756833200996112 0.038657194371257975
