1 0.3553807377815247 0.5855368947982789 0.04168020725250244 0.10025713920593261
1 0.8017839181423188 0.32649291038513184 0.033740108013153074 0.08687444686889649
1 0.3024626350402832 0.7756368017196655 0.03841972351074219 0.10878092765808106
1 0.4330024719238286 0.3551085066821792 0.02770004272460851 0.08834769726328398
1 0.9079460537433625 0.4615026569366455 0.034587481021881104 0.09877336502075196
1 0.4217031610012054 0.4871516227722168 0.02886378049850464 0.09372440338134766
1 0.17631504938036163 0.28309293746948244 0.026902715560204387 0.08162090301513675
1 0.23609920144081106 0.31937772631512984 0.03008616685867309 0.07760421037938363
1 0.5479643881320954 0.4122243356704712 0.023141605854034422 0.08794781684875488
1 0.6094908453509241 0.3056019377708435 0.023686356839542427 0.07316962718963622
1 0.6290927087475452 0.280639622211456 0.027003895498799457 0.07725203037261962
2 0.4613959398859758 0.3860013961791994 0.02139803081215284 0.08893890380859369
1 0.44702664084486565 0.3976926638250022 0.0013663414138522967 0.0028338933028047106
