1 0.499629275004069 0.7653693305121528 0.03280340830485026 0.12158711751302081
1 0.66339480082194 0.3039225825557002 0.02865378061930339 0.08105155097113716
1 0.42552258173624674 0.5973659374095776 0.032205390930175784 0.1071155689380787
1 0.5881406148274739 0.7417462384259259 0.026856231689453124 0.11955221670645255
1 0.5278751055399578 0.30696620234736693 0.02877979278564453 0.08188112046983508
1 0.4675743103027344 0.5716150919596354 0.0258636474609375 0.10403883192274305
2 0.7650761922200522 0.5227445249204282 0.024956067403157547 0.09937628286856193
1 0.5973247528076172 0.22979561134620952 0.02695509592692057 0.06954334400318286
1 0.7929569880167644 0.3321172361020689 0.024229558308919274 0.08218564633969909
1 0.890794054667155 0.35772439462167244 0.024956639607747397 0.09075193051938657
1 0.9228593826293945 0.5566906964337385 0.03510882059733073 0.10487631338614005
1 0.5531692504882811 0.3648633038556134 0.024310620625813805 0.0852402298538773
1 0.6516743977864583 0.5030314127604167 0.028653271993001304 0.10113141095196759
1 0.9877461115519206 0.8776137740523727 0.024474716186523436 0.12632016782407407
1 0.5140568415323893 0.19623421563042534 0.020684560139973954 0.07085494995117188
1 0.13281522591908773 0.5337109601056135 0.029352871576944984 0.1059091638635706
1 0.5915145874023439 0.560342463740596 0.025586382548014323 0.10542387785734954
1 0.639540672302246 0.749456787109375 0.029190572102864586 0.11574729636863426
1 0.41896845499674484 0.5332707722981771 0.04201717376708984 0.1008544921875
1 0.5288081487019857 0.17888974790219905 0.016748523712158202 0.07441831518102575
2 0.4802704811096191 0.14680989583333331 0.01925977071126302 0.07041409810384115
0 0.5273290422811591 0.20948260117831832 0.005373139950118002 0.011563248547622394
