1 0.9137827941811232 0.3132710933685302 0.03573633670806885 0.08401166915893554
1 0.44201524371453504 0.3772831392288193 0.02067775000231313 0.0864174747467038
1 0.3672730909796602 0.5588571121053235 0.022976139769494308 0.10103827476501447
1 0.33835999846458437 0.3739676523208618 0.029130046367645265 0.084462251663208
1 0.48799158458848496 0.4369711118210411 0.020068291116908662 0.09503139495849594
1 0.11070526528678591 0.5481471945982835 0.02489649787044673 0.10844946861267085
1 0.9265033721923828 0.5444112634658813 0.025304412841796874 0.10801594734191894
1 0.6248764292351199 0.28943149089813214 0.022194568325717545 0.07693419456481923
1 0.7602494250255893 0.7942120504379249 0.024462398374411568 0.13341708183288545
1 0.823139820098877 0.627132019996643 0.026027107238769533 0.113712739944458
2 0.774221807718277 0.466989221572876 0.026083691120147703 0.09445772171020508
1 0.6493457913398742 0.5051427984237671 0.024058022499084473 0.10645396232604981
1 0.9925411731004715 0.6940717887878418 0.014747873544692994 0.1200252914428711
2 0.4786502084171919 0.19661233663558927 0.019452155225246237 0.06991851329803457
0 0.45759184874105585 0.35874562016573963 0.009862005076954788 0.011789063540267647
