1 0.564135996500651 0.6142651593243634 0.03737767537434896 0.13515952781394677
1 0.8200903574625652 0.5111684163411457 0.03646895090738932 0.11505313449435764
1 0.199013614654541 0.6250572487160011 0.044249804814656575 0.14069880732783566
1 0.6074621836344402 0.5288356639720776 0.02503668467203776 0.12038042986834491
1 0.529164950052897 0.5129623413085938 0.02786677678426107 0.10527651751482928
1 0.6592326482137045 0.5040510389539931 0.05167808532714844 0.11615320841471354
1 0.6205269495646158 0.8124863236038772 0.04191513061523437 0.1740584762008102
1 0.2828891186866185 0.5496660869270302 0.028835328313859862 0.12336475806884024
1 0.9170279184977213 0.5189317491319444 0.03272329966227214 0.1142401236074942
1 0.44587589899698893 0.5565082126193576 0.026915677388509116 0.12183577926070602
1 0.18568790753682454 0.5653521502459491 0.026712099711100265 0.11114106354890047
1 0.08403267860412597 0.7671244303385417 0.0835073471069336 0.16778660526982062
2 0.6334854125976562 0.6349472611038773 0.0481061299641927 0.1338699905960648
1 0.13388858055668124 0.5201941755988371 0.039718483320563804 0.11786429979407947
2 0.9795519510904949 0.379033773916739 0.02966562906901042 0.08861016167534722
1 0.9129608498913088 0.5152846211043114 0.02743787818574682 0.11153558191164838
0 0.09502102470134353 0.5631799249027042 0.006172254901611393 0.012070187363150997
