1 0.10202107429504395 0.6949426156503183 0.04646815458933513 0.1346260353370949
1 0.2630514144897461 0.5473765620478876 0.030538193384806313 0.10747556333188657
1 0.37423969904581705 0.329650228994864 0.03035195668538411 0.07254486083984375
2 0.5558883666992187 0.38721692120587387 0.025088373819986978 0.08503443400065104
1 0.0109717200199763 0.2990557635271991 0.021154346068700158 0.0737070154260706
1 0.2968088150024414 0.3750109637225115 0.030847676595052085 0.08715975726092302
1 0.7603140513102215 0.624061754014757 0.03342583974202474 0.12075048376012731
1 0.5734895070393881 0.5393891511140047 0.030704180399576828 0.10914187961154515
1 0.7089224497477215 0.36587055347583913 0.028809547424316406 0.07945483172381365
1 0.34476989110310874 0.3612419976128472 0.029656855265299476 0.08551384254738137
1 0.44441229502360025 0.25987099541558156 0.02105855941772461 0.06027453387225115
1 0.6871602376302083 0.28731658370406543 0.02453721364339193 0.0650457876699942
1 0.6514296213785806 0.35591396755642357 0.030343564351399743 0.07639925921404803
1 0.7807987848917644 0.5755190248842592 0.029473876953125 0.11361129195601852
2 0.2163158416748047 0.5184296784577547 0.03706205685933431 0.10208206176757813
1 0.7530428568522136 0.3159104523835359 0.022312291463216147 0.07076057151511864
1 0.9193185806274414 0.4424357661494503 0.023572921752929688 0.1019303215874566
1 0.48880691528320314 0.21020158838342737 0.01951735814412435 0.05182534677010995
2 0.5509324391682943 0.18449157432273583 0.01923084259033203 0.06334355672200521
1 0.2160083293914795 0.5191293787073206 0.037045987447102864 0.10287099767614294
