1 0.42435874938964846 0.7738642939814815 0.0289399782816569 0.10868140326605903
1 0.4198577562967936 0.5750288786711516 0.028349876403808594 0.09756639268663195
1 0.7051098505655925 0.4669578269675926 0.024923833211263024 0.08916727701822919
1 0.3276686350504558 0.7559848926685475 0.032261053721110024 0.11597809968171297
1 0.6752134958902996 0.5622204815899885 0.027782630920410157 0.09927096896701389
1 0.6354832967122396 0.6757632785373263 0.027982457478841146 0.10414519133391203
1 0.9512892405192058 0.816926857277199 0.030546633402506507 0.12026451958550347
1 0.46279185612996415 0.49806631582754635 0.025752385457356766 0.10397251270435474
1 0.5668373107910156 0.9438640453197337 0.029315757751464843 0.1122719093605324
1 0.7619430541992187 0.36294566966869213 0.023176956176757812 0.0785846851490162
1 0.4907658259073893 0.5428515398943865 0.02821458180745443 0.0968910499855324
2 0.7371204376220704 0.22546953271936487 0.024020957946777343 0.08233340228045428
1 0.09470105171203613 0.4794138025354456 0.032018582026163735 0.0990917064525463
1 0.8368392104466515 0.3356503729280577 0.03146377296442951 0.080523694848811
1 0.5232359250386556 0.5452909116391783 0.03495998382568359 0.0975786562319155
1 0.9707018534342446 0.9543903492115163 0.03485914866129557 0.0912193015769676
2 0.7908676147460938 0.7047988891601562 0.030084609985351562 0.11706893355758102
0 0.8358121894671817 0.35136183174963653 0.0075280518669548265 0.012166548471846244
