1 0.14745065371195476 0.3697389955873842 0.03344122568766276 0.10711650141963253
1 0.202977180480957 0.43006478768807865 0.025012652079264328 0.11692027339228878
1 0.3760608037312826 0.4747400919596354 0.043814436594645186 0.11135386714228877
1 0.009985046585400899 0.5565800419560185 0.019959638516108196 0.12391176576967594
2 0.14519255956013996 0.5091901991102431 0.04090626239776611 0.1234098928946036
1 0.49208068847656256 0.4265649866174768 0.0321661631266276 0.11977471245659724
1 0.9007036209106447 0.2180521364565249 0.023074849446614584 0.08588679278338397
1 0.43343108495076493 0.4735720599139179 0.03018411000569661 0.11550770512333623
1 0.28912741343180337 0.5386664496527778 0.04539049466451009 0.13283301459418403
1 0.9904891967773437 0.2389220908836082 0.018883641560872397 0.06467874315049914
1 0.3557727813720703 0.49332427978515625 0.026845137278238937 0.07816040604202835
1 0.47032051086425786 0.47217311152705443 0.06510903040568033 0.06724715056242767
