1 0.2156136231698851 0.6140126446172599 0.029450436647387647 0.12497072219848614
1 0.37832454101417407 0.3933912706375122 0.03550138235092163 0.09216828346252441
1 0.2857935273647307 0.4351450729370116 0.03024254746195213 0.10554809570312479
1 0.45481250209307306 0.42986215931743293 0.02543328317351973 0.10467831611633285
2 0.7408952915668487 0.5116066217422486 0.036194422245025636 0.10383961677551269
1 0.19452231049537658 0.6644605684280396 0.03229985475540161 0.12834778785705567
1 0.5327297381827794 0.39782840728759683 0.024389899259028035 0.1023239135742185
1 0.7921613430976868 0.6733308172225952 0.04720674991607666 0.138734769821167
1 0.8783108139038086 0.6832844161987305 0.03474235534667969 0.13515472412109375
1 0.2584714257717133 0.5203776025772094 0.031361644268035886 0.11954548835754394
1 0.2776923892649184 0.5120251641926173 0.03197877807116137 0.10939928596914351
1 0.8009925842285156 0.4366752290725708 0.03027496337890625 0.10539887428283691
1 0.6426637649536133 0.433902907371521 0.026772689819335938 0.10458399772644043
1 0.8422271728515622 0.3975038561206727 0.0230316162109375 0.10081151306993413
1 0.40929694198050326 0.3670166540345501 0.0427080361765352 0.07818383216857887
1 0.6666067504882812 0.37030017375946045 0.02448272705078125 0.10779540061950683
1 0.6539506661891937 0.38420241832733154 0.0204809832572937 0.1023886775970459
0 0.3208566205895378 0.4145925123246759 0.008668662010758403 0.0183745998176758
2 0.49823078173274665 0.2972321651021016 0.02600598603227489 0.07290567024432647
