1 0.3856300671895345 0.9627936469184027 0.014715067545572917 0.053481151439525455
1 0.39438177744547526 0.7146451031720196 0.01107196807861328 0.040128806785300924
1 0.2764261881510417 0.7636157000506367 0.013405132293701171 0.045724769874855326
1 0.2881866455078125 0.5336920279043693 0.009460004170735677 0.029686821831597224
1 0.3711548805236816 0.622171077021846 0.010271008809407551 0.03309868706597222
1 0.5554747899373372 0.7357306586371528 0.010256449381510414 0.043426739728009256
1 0.5248012542724609 0.6446001971209491 0.0113677978515625 0.03515568485966435
1 0.4465249379475912 0.6541935673466436 0.010260899861653648 0.03714769151475694
1 0.5293056488037109 0.5684454458731192 0.010247008005777996 0.03016945167824074
1 0.6182689030965168 0.6350115740740742 0.010930506388346355 0.03422902425130208
2 0.52812074025472 0.6857434308087385 0.011358801523844402 0.039122856987847225
1 0.40138486226399744 0.5452746921115452 0.008853499094645183 0.027992757161458336
1 0.4903102238972982 0.609714084201389 0.010510540008544922 0.035155854401765045
1 0.6472653706868489 0.5874377215350115 0.009589767456054688 0.03305206298828125
1 0.6535619099934895 0.5520309448242188 0.009350268046061198 0.02496315285011574
1 0.5692996342976887 0.5967044406467014 0.009870020548502605 0.03297085232204861
1 0.27232020696004233 0.6039900603117766 0.010713768005371094 0.03282504611545139
1 0.30449657440185546 0.9766979076244213 0.016547616322835287 0.04447993525752315
1 0.5547699610392253 0.492448651349103 0.007945505777994792 0.026381316008391203
2 0.5041246223293754 0.47021555807074955 0.007639382711445524 0.025052909601771974
1 0.6311931610107422 0.6250521059389468 0.009038098653157552 0.03258808277271412
1 0.11730580329895018 0.8980765448676216 0.02196055253346761 0.05114407009548612
1 0.3264315287272136 0.6250674212420428 0.010977935791015626 0.03139942310474537
1 0.32636880874633795 0.6248197202329283 0.010727564493815102 0.0303518224645544
0 0.3415745337820765 0.624572909448976 0.004437688129353532 0.00394461167053656
