1 0.4542583783467611 0.6312062581380209 0.037783177693684895 0.11639008698640047
1 0.300856081644694 0.6360864709924768 0.03940359751383463 0.1182074087637442
1 0.23948834875634273 0.3935028076171871 0.033408146313608215 0.08803973727756065
1 0.07012770175933838 0.4948286268446181 0.03478792111078898 0.0990274499963831
1 0.09219840367635092 0.7243272569444444 0.05582426389058431 0.11395636664496528
1 0.05672255357106527 0.6475750393337674 0.05265076955159506 0.10919110333478009
1 0.09046453634897868 0.945391958731192 0.04137956301371257 0.10921602602358217
1 0.19703949292500816 0.365604881004051 0.042008527119954425 0.08315084951895255
1 0.9884923299153645 0.5120109275535301 0.02301534016927083 0.1112987377025463
1 0.31124076843261717 0.49551730685763895 0.033036390940348305 0.10301168936270255
1 0.2954380671183268 0.4762030707465278 0.022407341003417968 0.07818086412217883
0 0.23068696853166906 0.4015010614418609 0.007352717826477444 0.012568748421329165
