1 0.6471476236979167 0.5850389268663194 0.02854741414388021 0.11650611029730903
1 0.20184634526570636 0.5371961805555555 0.03497303326924642 0.1075320773654514
1 0.14572938283284503 0.40424841421621815 0.03645281791687012 0.10567446108217593
1 0.2452692667643229 0.4190557974356192 0.023807621002197264 0.09823939005533854
1 0.5309757232666016 0.7228282787181713 0.04126164118448893 0.13615151864510996
1 0.4703301747639974 0.4180842646846065 0.023807207743326828 0.09699684425636575
1 0.40901075998942055 0.4902456778067129 0.03405211766560872 0.11545494927300347
1 0.34087333679199217 0.43849190606011285 0.02362600962320964 0.1077390882703993
1 0.3213069597880046 0.410308837890625 0.02426973978678386 0.08873983312536168
1 0.4962324778238932 0.4420712506329572 0.026963138580322267 0.07563261809172454
1 0.3710641860961914 0.4231398970992476 0.020044422149658202 0.10929850825557003
1 0.806026840209961 0.5409252025462963 0.02617638905843099 0.11888501202618634
