2 0.3072181815116994 0.4898248984791732 0.022583484331228518 0.11314957230179366
1 0.3135533614146008 0.8255299580981655 0.03732520584077967 0.14737481011284712
1 0.08456722149647745 0.594166967040997 0.033455750508303204 0.12194708989776623
1 0.633221181233724 0.6876347294560184 0.041371917724609374 0.12782604076244214
1 0.3689983345440831 0.54296304607889 0.023070884689119255 0.11648828402165033
1 0.7051710952260506 0.43439828440832384 0.02749911070530302 0.11180387421368307
1 0.43154030980759744 0.5251329048331188 0.02345937061255997 0.11646221896898398
1 0.5803209940592449 0.3671364960847077 0.03912906646728516 0.0862861915870949
1 0.8525144419491197 0.31973213838413533 0.0181883156420211 0.09933132595486104
1 0.010361578154188983 0.5413587106932412 0.020723156308377965 0.11861932204850976
1 0.17913676039630214 0.4381748665815847 0.01703347019924336 0.10142927666541218
1 0.4631685574849447 0.379121172869647 0.02493349711100261 0.10019373010706019
1 0.9899337082140804 0.5115834363984594 0.020132583571839037 0.11958575778537325
1 0.4021902084350586 0.4106609203197338 0.029875659942626955 0.09115258676034432
1 0.4215474128723144 0.3929803353768808 0.023402531941731766 0.1005019293891059
0 0.7323539416352864 0.3816157476114229 0.00847044654047857 0.018303449042948013
