1 0.7793117523193359 0.6462345264576099 0.025976626078287757 0.10876397026909722
1 0.4103459040323893 0.5887754087094907 0.029518667856852213 0.0974850124782986
1 0.2643775939941406 0.5061631944444445 0.028247149785359704 0.08943430582682294
1 0.3443774223327637 0.4046474315502026 0.021843655904134115 0.07774745799877025
1 0.7309648513793944 0.6198383472583913 0.024725977579752603 0.0996834083839699
1 0.1932326952616374 0.42746242947048607 0.03358283042907715 0.08124053389937788
2 0.10357785224914551 0.5466704191984953 0.02361915111541748 0.1013357091833044
1 0.40573056538899743 0.42258345992476853 0.023014386494954422 0.08410042656792535
1 0.28198318481445317 0.4322463424117477 0.022021102905273437 0.07546451709888599
1 0.689624277750651 0.6056264241536459 0.029308128356933593 0.090656817400897
1 0.8082094828287761 0.569736678512008 0.025892702738444007 0.10788359465422453
1 0.5992975870768229 0.5810291431568286 0.022860844930013016 0.09211979618778936
1 0.008591891328493754 0.5542965359157986 0.017183782656987508 0.08984923186125579
1 0.6633896917667029 0.6704554805049192 0.038319569713664826 0.11112687852647571
1 0.17576675415039061 0.7049308494285301 0.02698747316996257 0.11055020932798032
1 0.6187234878540039 0.6212738037109375 0.021165084838867188 0.08164294207537616
1 0.6251360575358073 0.6868964301215277 0.02595265706380208 0.11196164731626157
1 0.57952454884847 0.6208951031720197 0.025525792439778646 0.09896115903501157
1 0.6736235936482747 0.57962075692636 0.023484675089518226 0.08828950104890046
1 0.6240688959757487 0.6872254548249421 0.02533721923828125 0.11266598171657986
1 0.6024409612019856 0.5402634232132523 0.021073786417643226 0.0648061681676794
1 0.5793507893880208 0.6206039428710938 0.025078137715657547 0.09779708297164352
0 0.2051188207149818 0.45736082073493295 0.008591364218428588 0.011455152291238023
1 0.6544811320754716 0.6429070580013976 0.02279874213836479 0.05590496156533895
