1 0.8083381652832031 0.5550103081597222 0.043634287516276044 0.16426894576461226
1 0.7204973856608072 0.48182887324580437 0.04127546946207682 0.1482386553729022
1 0.31466833750406903 0.5548146565755208 0.05418055852254231 0.15143573902271412
1 0.9300429026285808 0.4277044225622106 0.030755551656087243 0.1418372260199653
1 0.980877431233724 0.3792516355161314 0.03441073099772136 0.12526363796657985
1 0.6830099741617839 0.6117505108868634 0.044689369201660153 0.13077420835141781
1 0.255218505859375 0.5331947609230324 0.03836461702982585 0.1553287082248264
1 0.6490642547607421 0.5278990568938079 0.061409632364908845 0.14350323147243924
1 0.8907793680826822 0.6472065113208911 0.05198504130045573 0.16849907769097222
1 0.46948769887288416 0.5184955173068576 0.035482629140218096 0.1513899909125434
0 0.15919811320754715 0.453529000698812 0.014937106918238978 0.029350104821802888
1 0.27594339622641517 0.5269042627533195 0.0660377358490566 0.06429070580013978
