1 0.6085316975911459 0.617144775390625 0.036609586079915366 0.08553608081958912
1 0.4309943517049154 0.5845842714662906 0.03257665634155273 0.07760676631221065
1 0.6711273245966332 0.5860824206867593 0.02837693009007012 0.07884056318810509
1 0.32790635426839193 0.6055648238570601 0.025495592753092447 0.09420476842809605
1 0.7103967030843098 0.5773623996310764 0.022274017333984375 0.08653654875578703
1 0.11086479822794595 0.46452184606481484 0.018318438529968263 0.07760928118670428
1 0.5465601603190104 0.5536541408962674 0.022385025024414064 0.08416510687934028
1 0.629884401957194 0.595876736111111 0.0198089599609375 0.08152414957682291
1 0.010980782906214397 0.6015548706054688 0.021961565812428793 0.09441290961371526
1 0.6461687355546796 0.532015868030649 0.021286254983873477 0.0866480306395685
1 0.5672397613525392 0.557439394350405 0.022034899393717448 0.0785085607458044
1 0.7077204381893948 0.528756261754919 0.019123100235075 0.075318682635272
1 0.6258895874023438 0.5064126473885996 0.020707003275553384 0.07254505863896123
1 0.5959140409339118 0.5321962059114972 0.021435028177232952 0.06812595573629246
1 0.6102787605497451 0.5309885664806648 0.015890556886438006 0.0721133769934481
1 0.32553873062133787 0.501424718786169 0.01914831797281901 0.08350185818142361
2 0.32488842010498 0.5260627056778133 0.01798216501871742 0.08757897503760109
1 0.6016071955362956 0.4783649020724826 0.01853179931640625 0.06136214644820602
1 0.6351661673130344 0.4905200663914411 0.013296574167060255 0.05795491301111031
1 0.6067155308743076 0.49255646234092565 0.018010864091689793 0.03091519966696132
1 0.36149858130378787 0.3200826733220499 0.010247560603892248 0.05505849845449265
0 0.4584366265827297 0.3054364060200079 0.007514877776187489 0.012914456622781678
