1 0.19274129867553713 0.744533849645544 0.03227842648824056 0.09841828522858796
1 0.12033753395080567 0.7291707921911168 0.04464778900146484 0.09740645797164352
1 0.7122321446736655 0.42285088433159723 0.02765172322591146 0.08197473596643519
1 0.6787992477416992 0.5461713437680844 0.03451995849609375 0.08986985948350695
1 0.6063036600748698 0.6620456836841724 0.0340030034383138 0.09285346137152778
1 0.24661461512247718 0.39089231137876157 0.028356552124023438 0.07355844003182871
1 0.14057550430297852 0.34288338555230036 0.02411064306894938 0.07717330367476852
1 0.5929322560628255 0.3066167478208188 0.027295621236165368 0.07509471752025464
1 0.09173963864644369 0.3245788291648582 0.03016816775004069 0.07057037353515624
1 0.4155263264973958 0.39127169008608215 0.02633689244588216 0.07590682418258102
1 0.04856093327204386 0.5030394942672164 0.026127942403157554 0.08390262745044849
1 0.3212432861328125 0.3338428073459201 0.024479834238688148 0.06733016967773438
1 0.21406097412109376 0.32550642225477433 0.030793937047322594 0.07106970327871817
1 0.552858289082845 0.36220324480975113 0.03216069539388021 0.07650816175672744
1 0.3581996917724609 0.34812229297779224 0.02305062611897786 0.07274638988353588
0 0.5206547737121582 0.3833196004231771 0.009104601542154948 0.01828285499855324
2 0.3378192901611328 0.5018231427228009 0.028062979380289718 0.09010747273763021
