1 0.04196367263793945 0.5358522203233507 0.03860343297322591 0.1146251537181713
1 0.5404234568277995 0.3970726860894097 0.03271185557047526 0.09502360026041666
1 0.5991159439086914 0.44086295233832457 0.03198038736979167 0.09264611138237847
1 0.6451786677042644 0.5062986585828994 0.02654520670572917 0.10863896122685185
1 0.31026700337727864 0.4281622992621529 0.02767467498779297 0.09533711186161747
1 0.34733527501424155 0.3113581904658565 0.02477982838948568 0.07997716267903646
1 0.14173034032185872 0.33778587623878764 0.022727060317993163 0.0983852810329861
1 0.5101504643758138 0.39714657818829574 0.031939093271891275 0.09319390190972224
1 0.31722412109375 0.33965355202003755 0.027200380961100265 0.09000136763961226
1 0.6950316111246745 0.7674719916449654 0.04547608693440755 0.14406766538266783
1 0.48550593058268227 0.5879381533022281 0.029282029469807944 0.11611316822193286
1 0.4770799001057943 0.35339943214699077 0.0281312624613444 0.0721965648509838
1 0.4235710779825846 0.37139790852864585 0.03591718673706055 0.08635025024414063
1 0.3940347989400228 0.3561551129376446 0.033662605285644534 0.07676688300238715
1 0.4508277575174967 0.4257234078866465 0.026469866434733078 0.10432541458695024
1 0.6110110600789388 0.36939731174045143 0.024848047892252603 0.06506045306170428
2 0.18052854537963867 0.42129137957537616 0.02506232261657715 0.10849278767903646
0 0.4459938401333767 0.3819974853579663 0.009067880657922611 0.0155123493016039
