1 0.5721729278564452 0.8784821686921296 0.03051586151123047 0.1100335580331308
1 0.8327953974405925 0.9332018816912615 0.03847821553548177 0.10700434932002315
1 0.819732411702474 0.47801835801866316 0.03379185994466146 0.08511349713360822
1 0.9474258422851562 0.8163472493489583 0.03456325531005859 0.10366668701171874
1 0.4407738367716471 0.5244379679361979 0.02924769719441732 0.08483095522280093
1 0.6728065490722657 0.5329399956597222 0.023157246907552085 0.08908397533275463
1 0.6517238616943359 0.3590228045428241 0.03286329905192057 0.07040102923357928
1 0.254655647277832 0.37844933403862846 0.023309866587320968 0.07352241233543114
1 0.549572499593099 0.5190055564597802 0.03540188471476237 0.08196659794560185
1 0.6044723510742187 0.4079566107855903 0.02599754333496094 0.07927893179434317
1 0.3794763882954916 0.6568580910011574 0.02852694193522136 0.10253098099320024
1 0.9637635548909504 0.7306983100043403 0.03175907135009766 0.08561893039279514
1 0.9640865325927734 0.5409656100802951 0.024669202168782555 0.08417991355613426
2 0.9849402109781902 0.7884205005787037 0.027843030293782555 0.10337473551432291
2 0.8221482594807944 0.2029664216218171 0.018421363830566407 0.061667534157081885
0 0.6402309448875733 0.3847405198803554 0.007987838632836457 0.011833835011609466
