1 0.8177076975504556 0.9068326596860533 0.035959688822428386 0.10660581235532407
1 0.9391960144042969 0.5563544379340278 0.019077491760253907 0.07391187879774305
1 0.5871612548828125 0.6356952808521412 0.024558130900065103 0.07490358705873842
1 0.17037134170532225 0.5508122196903935 0.021155261993408205 0.06360032823350695
1 0.9483451843261719 0.7358817206488715 0.02837200164794922 0.08414261429398148
1 0.9686719894409181 0.6535562020760994 0.02494023640950521 0.07219006573712385
1 0.8862948735555014 0.5641661467375579 0.018564605712890626 0.0725579720956308
1 0.2012286980946859 0.5775351630316841 0.02565479278564453 0.05448664912471065
1 0.7809521993001302 0.5286337393301505 0.022842979431152342 0.0685556482385706
1 0.5858262379964193 0.36252099496346935 0.01350390116373698 0.04987193919994213
1 0.4187425931294759 0.5425235324435763 0.019099108378092446 0.07228127938729745
1 0.6539532979329428 0.34672981544777204 0.013862419128417968 0.04611920957212095
1 0.39216909408569334 0.43808254665798607 0.017560132344563804 0.04816125940393518
1 0.04543259938557943 0.41722284952799477 0.015541172027587891 0.05514283356843172
1 0.8898372650146484 0.3620292098433883 0.015571149190266927 0.05037660951967592
2 0.767844263712565 0.44234183982566555 0.016217486063639323 0.06194870560257523
1 0.8591512044270833 0.43657356544777204 0.014923540751139323 0.05980606079101562
1 0.925568008422852 0.4634628670168035 0.01676476796468099 0.06322015832971643
1 0.38260138829549156 0.39285476119429974 0.015687179565429688 0.051792314317491324
1 0.8308635075887044 0.3794379340277778 0.016807174682617186 0.051439299406828703
2 0.421595827738444 0.24185559308087384 0.011928367614746093 0.03622868855794271
1 0.9246770858764648 0.4516025684497974 0.013991928100585938 0.054513521547670724
0 0.18866831081946805 0.5732140654985909 0.005369602636517819 0.012149403945252428
1 0.9240933445474075 0.48816823788182345 0.01806139068646915 0.06074701972626251
