1 0.19015566507975262 0.5566463894314235 0.04196887016296387 0.12304291901765047
1 0.6174429575602214 0.7483964142975984 0.03386090596516927 0.1371284767433449
1 0.10498569806416828 0.5160637184425636 0.03655334313710531 0.11342456958912037
1 0.24801820119222004 0.5931651927806713 0.032938210169474284 0.12200323034215858
1 0.7150166829427085 0.7153077302155672 0.035596402486165364 0.12806549072265624
1 0.04486141204833984 0.6343415436921296 0.029146087169647217 0.12757308394820602
1 0.4561039421576649 0.4999545627170134 0.029259114738625424 0.10967175519024869
1 0.5482738494873047 0.5142552128544561 0.03630952835083008 0.11125595657913773
1 0.08197214603424072 0.4006823786982784 0.03134028116861979 0.11030663384331599
1 0.6226627349853516 0.5179387975622106 0.03172461191813151 0.10399551391601562
1 0.3835028751648112 0.5151840364342148 0.041725400226521145 0.11270930234253314
1 0.3265588147542355 0.4566300003616896 0.04244013291626696 0.0970464635778355
1 0.7292747890814824 0.47281024462166144 0.028212082591419812 0.09230140811451722
1 0.3984789518961569 0.44737039997829514 0.022835188795976166 0.10292969157986748
1 0.31028635018786627 0.44338215015552584 0.040145085527912495 0.09486784758391172
1 0.6550430297851563 0.558687506781684 0.024367968241373703 0.11348741319444444
1 0.6422146479288722 0.5587227625351955 0.022754669189453056 0.10393448900991874
