1 0.48480394911969354 0.6822163200378414 0.03133582106693868 0.10263225555419914
1 0.6543248559270366 0.3730266922799393 0.025236074365823445 0.07661502948636847
1 0.28615489444895287 0.8105071592330932 0.028883989552493397 0.1195197200775145
1 0.7954451400620406 0.430393865073661 0.031251303073299735 0.07745886802673337
1 0.5413380236012407 0.17968560754382118 0.02549954519269459 0.05212433462598902
1 0.5845947925158703 0.20834206342697129 0.024091981751509426 0.060240950584411576
1 0.27247619748115537 0.2898462152481079 0.02506702661514282 0.06793873786926269
1 0.32270500779151917 0.3706957745552063 0.024315388202667237 0.0767730188369751
1 0.8144994487898388 0.5147514046109213 0.030015496907835684 0.0962708639053705
1 0.6904281292846831 0.34535715814922197 0.029518074430673 0.08061532020568847
2 0.3215041255950928 0.2861060738563538 0.024066638946533204 0.0638950777053833
1 0.2321068286895752 0.4123062515258789 0.030693912506103517 0.08234939575195313
1 0.4601423266138211 0.3558563124959369 0.022536269787297402 0.06937371730804447
1 0.22212514281272888 0.36544276475906373 0.024224536418914797 0.073555588722229
1 0.4352861662591949 0.3260665106773375 0.020781759398272828 0.07268710613250731
0 0.4469948964675234 0.35135066777331436 0.005817130988101481 0.010341566201069383
