2 0.46367600758870436 0.8032275164568865 0.03599112828572591 0.15272674560546876
1 0.16160670916239422 0.5375969780815972 0.036872545878092446 0.08777115433304399
1 0.34762452443440756 0.632387853551794 0.036468855539957684 0.10943151403356481
1 0.19479633967081703 0.7589109067563657 0.039579550425211586 0.1356777615017361
1 0.6830127080281576 0.7139832108109087 0.05178578694661459 0.12882227014612269
1 0.7278673807779948 0.6604758933738427 0.03656272888183594 0.12360235143590856
1 0.3209098815917969 0.7342395923755787 0.03378572463989258 0.13621927897135416
1 0.48217277526855473 0.6758873833550346 0.05466725031534831 0.0451955724645544
1 0.06518227259318034 0.5427572179723669 0.03871634801228841 0.08596247920283565
1 0.6384183247884114 0.7228868272569444 0.029041163126627603 0.13392356589988427
1 0.7672503153483073 0.7706130416304977 0.0298828125 0.1441247445565683
1 0.5708611806233724 0.584786422164352 0.029753812154134116 0.1124738340024595
1 0.6136519114176433 0.5964609781901041 0.034915733337402347 0.09783975106698495
1 0.42124481201171876 0.6222976119429977 0.03334391911824544 0.11799779821325233
1 0.6565887451171875 0.608884910300926 0.027630170186360672 0.1100788257740162
1 0.4502204259236653 0.6023906566478587 0.05112098058064778 0.09133532488787616
1 0.6725209242142972 0.5970503630461519 0.04196720003331991 0.10442357946325234
1 0.4805551528930664 0.7895260281032985 0.025034077962239585 0.13387117739076967
