1 0.5750305811564127 0.5208202220775463 0.03557256062825521 0.08681991012008101
1 0.24042237599690755 0.582867940266927 0.04885031382242839 0.1029945656105324
1 0.474476687113444 0.758802173755787 0.029567082722981766 0.12461299189814815
1 0.8171668370564779 0.8519627888997395 0.03351783752441406 0.14162608959056713
1 0.6420167287190754 0.3865432739257813 0.028522682189941407 0.08285013834635419
1 0.30124251047770184 0.5486650820131656 0.030841286977132162 0.08384354202835648
1 0.6633928934733073 0.45683531584563086 0.023265838623046875 0.08769528424298322
1 0.7282821655273437 0.8235765245225695 0.03307895660400391 0.13205577709056712
1 0.7754585266113281 0.565176956741898 0.03427810668945312 0.08293123598451968
1 0.49146687189737953 0.3482041818124276 0.03135045369466146 0.07068747061270254
1 0.39573046366373704 0.566371437355324 0.028533522288004556 0.08088158501519097
1 0.5853725433349612 0.3972563833560582 0.02619393666585288 0.1068688318664418
2 0.9822835286458335 0.6292100694444445 0.03189767201741536 0.12482384575737847
1 0.6143004735310872 0.3818618209273727 0.026652654012044266 0.07306077745225695
1 0.9910964965820312 0.5110327261465568 0.016753959655761718 0.10707089459454572
0 0.25725845932435826 0.6249673706160291 0.009762913884577715 0.015778446682146004
