1 0.37450277603712595 0.7304003635911869 0.030900841804687152 0.11857220685040508
1 0.3788267882609448 0.4209044414170469 0.023187958366127893 0.08226478715476553
1 0.8023644765218099 0.653500309696904 0.02880268096923828 0.0975624367042824
1 0.7438357035319011 0.6200338858145255 0.026689084370930993 0.09623774775752315
1 0.4804502860677276 0.43999912545026787 0.0233056338017139 0.07883902086617224
1 0.6765883127848307 0.25367595531322334 0.014761416117350261 0.05941272311740452
1 0.9011067072550456 0.29690693042896416 0.016608810424804686 0.06276095354998554
1 0.22776542053926527 0.6142003921368324 0.03378913888994956 0.09096574884308352
1 0.9878487879957926 0.49049809942546296 0.022610155741373695 0.09045975296585648
1 0.24566342609707298 0.307248903126811 0.015072216726212657 0.06697282111967502
2 0.7053482062917276 0.18304246761902107 0.01128559837870437 0.05094863002760961
0 0.2382382074991862 0.6699037905092592 0.011799383163452148 0.018597073025173612
