1 0.3354586283365885 0.7846185754846643 0.041753355662028 0.12930693449797453
1 0.268947696685791 0.6382239447699652 0.0306725819905599 0.12065384476273149
2 0.9770862579345703 0.5584972240306714 0.03941752115885417 0.11624614574291088
1 0.6969439188639321 0.3892348678023727 0.033736101786295575 0.09649355853045428
1 0.6484245300292969 0.5505709047670717 0.03628698984781901 0.0949557834201389
1 0.596285883585612 0.5420809145326968 0.03255526224772135 0.10885128445095486
1 0.6076744715372722 0.4230614556206597 0.03718732198079427 0.09896652786820023
1 0.7250172932942708 0.5799093175817418 0.04858442942301432 0.06671933774594907
1 0.6299236297607422 0.4817786322699653 0.026777140299479165 0.10762665360062211
1 0.6553127288818359 0.44640460544162325 0.026626968383789064 0.09452836778428819
1 0.5192831039428711 0.5975514729817708 0.03229786554972331 0.1186698631004051
1 0.43339554468790686 0.4406843114782263 0.03862921396891276 0.10308843542028356
1 0.3801037470499674 0.4948363692672164 0.028191725413004562 0.08548253377278646
2 0.8370962778727215 0.15718906543872976 0.023098436991373695 0.07784818013509115
1 0.5313335418701172 0.5494392112449364 0.030368932088216147 0.08824869791666666
1 0.42059748427672955 0.43535988819007687 0.023584905660377374 0.09084556254367576
0 0.6320754716981132 0.17679944095038433 0.017295597484276826 0.015373864430468202
