1 0.0832768758138021 0.7331471761067708 0.0354781707127889 0.112904131854022
1 0.44734954833984375 0.3870472943341291 0.022655677795410157 0.07855354591652199
1 0.4254323959350586 0.3166243659125434 0.024373467763264975 0.07077851472077547
1 0.3570289611816406 0.2797146832501447 0.020977020263671875 0.06963546187789352
1 0.3344516118367513 0.318926352041739 0.020973078409830728 0.06629209165219907
1 0.2615008513132731 0.3780388160988137 0.020643011728922526 0.06860467416268808
1 0.07866003513336181 0.3243166323061342 0.020906098683675132 0.07449360600224247
1 0.6632600784301758 0.384522388599537 0.027581405639648438 0.06113510131835938
1 0.3487157821655274 0.3974496346932871 0.01634661356608073 0.08043190285011574
1 0.5257349523669944 0.37052182798032407 0.01194236302327962 0.07396293922706887
1 0.33779970804850257 0.42290547688802077 0.020242913564046224 0.07134484185112847
1 0.6075275282564742 0.4740431941970016 0.02829772591352959 0.07986045111518156
1 0.006047644217809042 0.4732480084454572 0.012095288435618084 0.11404133549442998
1 0.6089430328186366 0.4492415752059742 0.01915286302090618 0.07129628336912824
2 0.1609010060628255 0.3564920213487413 0.02481365203857422 0.07767701325593171
1 0.5163573252893014 0.3674744217484086 0.01444714620441697 0.07278874715169271
0 0.5193170311541385 0.32157308845126314 0.00660398350028622 0.014169466514023801
