1 0.12917153040568033 0.5136541295934607 0.023929913838704422 0.09025997585720485
1 0.18655781745910643 0.5691603483977141 0.021270593007405594 0.09234686957465278
1 0.37425902684529627 0.6228204232675058 0.02426433563232422 0.09386641890914352
1 0.5672651926676432 0.6260049890588831 0.021920522054036454 0.09814374005353009
1 0.30493774414062497 0.4646933096426505 0.019245688120524088 0.07966534649884259
1 0.3369892120361328 0.4853637130172164 0.0204225222269694 0.08417349921332465
1 0.8266054789225261 0.45571520770037616 0.021429697672526046 0.09941799022533275
1 0.5023488998413086 0.5719755949797454 0.018242740631103517 0.08564503987630206
1 0.46297314961751307 0.5399140534577547 0.019700145721435545 0.08568126537181713
1 0.4437690099080404 0.528172019675926 0.01903216044108073 0.09236444543909145
1 0.5439504623413086 0.6044861404984085 0.022979068756103515 0.08745241518373843
1 0.4056679270060004 0.49754298363713323 0.015959390004475913 0.08262275413230613
0 0.20764875411987305 0.5724910029658564 0.010159858067830404 0.016053376374421297
1 0.3776503245035807 0.478646398473669 0.01650657653808594 0.07800499244972511
1 0.5341997782389324 0.5811060022424769 0.01670691172281901 0.08821422435619213
1 0.3964593569437663 0.4926999692563658 0.01604779561360677 0.08022186844437211
1 0.047014681498209636 0.5735860753942419 0.021034411589304605 0.0954250759548611
1 0.36691195170084634 0.475567626953125 0.014682801564534505 0.07834444399233217
1 0.41257354271105173 0.5068398154103922 0.014934212723781409 0.08410361961082162
1 0.4022877537489069 0.5002841607204975 0.013475626193570045 0.08392350938585047
2 0.05463836477987421 0.5415793151642209 0.03223270440251572 0.0992313067784766
