1 0.25638260382282957 0.3439147901535032 0.022142000553374296 0.09968123435974113
1 0.6291921043395996 0.6857431030273438 0.06111927032470703 0.138409423828125
1 0.14440722752630492 0.4108954701254025 0.023843916202728136 0.10500827789306616
1 0.3825193633424055 0.3292413231102418 0.027885711548095143 0.09252809596701629
1 0.518284991979599 0.3607278680801392 0.03697029829025269 0.08782246589660644
1 0.7944665837287903 0.5255671787261963 0.04550940036773682 0.12364824295043945
1 0.054006981707492976 0.324129532171333 0.030177545263130687 0.10742227873594377
1 0.09507460647939357 0.3490430068969726 0.030323277595017552 0.09918331146240218
1 0.4983210563659668 0.46960116863250734 0.03405475616455078 0.10669112205505371
1 0.8130997467041016 0.3493030977249145 0.03800125122070312 0.09385067939758301
1 0.820683251619339 0.4365976285934448 0.03175316095352173 0.09831076622009277
1 0.8596887600421905 0.35164020538330076 0.03458366632461548 0.1013180160522461
1 0.14628149509429933 0.27677942752838136 0.025468206405639647 0.08547505378723144
0 0.518249340057373 0.5181672710180283 0.011492729187011719 0.019341362714767454
2 0.03151445984840393 0.2526047945022583 0.031323637962341305 0.09245495796203614
1 0.16036330910680965 0.2721596765518188 0.015375036640133148 0.09031929969787582
2 0.31790569305419925 0.4315148591995239 0.03302211761474609 0.09359925270080566
