1 0.13501288096110026 0.5147709599247685 0.024085410435994468 0.09314504552770546
1 0.18510313034057618 0.5698233710394964 0.02259202003479004 0.09129955150462964
1 0.3804737091064454 0.6232946325231482 0.02420508066813151 0.09340317337601273
1 0.6043200810750325 0.6268715187355324 0.021497726440429688 0.09705917923538773
1 0.5071648279825847 0.5764133029513889 0.021381600697835287 0.08086214418764466
1 0.31232757568359376 0.465562665020978 0.020475482940673827 0.08063651190863716
1 0.057986156145731604 0.571616052698206 0.02488738695780436 0.0975839685510706
1 0.4432758649190267 0.5273139671043112 0.01792799631754557 0.08242718731915509
1 0.4737063407897949 0.5444501523618345 0.018430074055989582 0.09116244845920139
2 0.06696308453877768 0.5372851336443866 0.02183578014373779 0.09638485378689236
1 0.5478448867797852 0.6055132830584491 0.020921071370442704 0.09407461660879629
0 0.21401500701904297 0.5731918334960938 0.010097503662109375 0.016506618923611112
1 0.45710086822509766 0.5266278867368345 0.015779717763264974 0.0853763156467014
1 0.42199939092000327 0.5066569575557002 0.01738897959391276 0.08650396841543692
1 0.39039948781331374 0.48462942617910876 0.017183907826741538 0.08088994909215856
1 0.36872555414835617 0.5174388744212963 0.02007884979248047 0.09146101209852431
1 0.4056702613830566 0.49762754087094907 0.016436767578125 0.08360985649956597
1 0.8322999318440756 0.4554163049768518 0.017943890889485677 0.10293420862268517
1 0.3786640167236328 0.4848234953703704 0.014214738210042316 0.07947113602249711
1 0.5446849187215157 0.5957083582272314 0.020327631632486933 0.10374771677759582
1 0.4122375806172689 0.4965192441587095 0.0134552001953125 0.08254911634657118
