1 0.6567433675130208 0.5544352213541667 0.044109535217285153 0.15133164017288772
1 0.85310484568278 0.6126692030164931 0.0444549560546875 0.15039011637369792
1 0.3584416071573893 0.6113633897569444 0.04907970428466797 0.12721744113498265
1 0.7678424199422201 0.46260002983940973 0.03986562093098958 0.13238807960792823
1 0.7394460042317708 0.49415181477864584 0.028008079528808592 0.1323420206705729
1 0.8187185923258462 0.4644747698748553 0.03586622873942057 0.14358127735279225
1 0.6256767908732097 0.7805562337239584 0.04056803385416666 0.1775881731951678
1 0.46423867543538405 0.584636546947338 0.04173310597737631 0.13911364520037617
1 0.7085194905598959 0.5192015471281829 0.033699417114257814 0.13854443585431134
1 0.37651030222574866 0.5406221742983218 0.04871644973754883 0.05454689308449075
1 0.9148248036702475 0.5870769924587674 0.03618920644124349 0.1548736572265625
1 0.7187923431396486 0.43070133350513595 0.034844525655110675 0.10308572274667245
1 0.713106346130371 0.5933625962999133 0.04144490559895833 0.14278722692418983
1 0.9290027618408203 0.9452199300130207 0.05270086924235026 0.1095601964879919
0 0.3899231459513842 0.5532543304456761 0.011227350967264585 0.019091920485396655
