1 0.08130486806233722 0.43993103592484084 0.037683749198913576 0.1298238683629919
1 0.2956548055013021 0.6188977276837384 0.03625828425089518 0.12657024242259837
1 0.7025205708149845 0.6419176625505684 0.05375264485677083 0.12952055754484953
1 0.21686906814575196 0.8838457460756655 0.06094832420349121 0.16520487467447917
1 0.38465042114257814 0.5125558923791956 0.03173646926879883 0.12809504756221066
1 0.41306355794270827 0.7739342583550346 0.041301631927490236 0.15489971019603588
1 0.4791553179423015 0.6144301803023727 0.037508646647135414 0.15056259720413773
1 0.015746228893597922 0.5874316180193866 0.031492457787195845 0.14256083170572917
1 0.29031575520833336 0.5287036471896701 0.030048116048177084 0.12163930822301794
1 0.6389181772867839 0.5109470508716725 0.04130407969156901 0.13301595052083334
1 0.6920021692911784 0.9172453138563368 0.06923955281575521 0.1655093722873264
1 0.6670057932535811 0.5760554646212767 0.045036760965983094 0.11293604522214597
0 0.7691043853759766 0.6903056957103588 0.011830012003580727 0.020929802788628472
1 0.6818073656573985 0.6052630389178231 0.029896150744936206 0.10592668321397562
