1 0.6191311518351237 0.4018047756618924 0.04487864176432291 0.12670107241030093
1 0.379784075419108 0.5117208975332754 0.04207207361857097 0.14395514594184028
2 0.9325124740600585 0.7151689317491319 0.04272117614746094 0.15841917815031828
1 0.6995141983032227 0.8975363272207756 0.04588572184244791 0.1735140765154803
1 0.5654271443684895 0.5019239637586805 0.04093964894612631 0.12940990306712963
1 0.29575866063435874 0.40056807906539355 0.03220831553141276 0.12989431310583044
1 0.23633697827657066 0.7796885172526042 0.0413089116414388 0.16731539125795716
1 0.7716032028198242 0.4301786917227286 0.034315872192382815 0.13548465304904514
1 0.5085773468017578 0.648760082103588 0.038329029083251955 0.14646346480758102
1 0.4439940770467123 0.46971181233723963 0.04169117609659831 0.14832673249421297
1 0.5112290700276693 0.5355257952654803 0.04630470275878906 0.13279760855215567
1 0.6632930755615234 0.3998522158022281 0.04012705485026042 0.11052816885489004
1 0.24397629102071128 0.9641702157479746 0.05003531773885092 0.07165951199001735
1 0.6729301452636719 0.3622752436885127 0.031384976704915364 0.1150123878761574
0 0.4524371069182391 0.4716981132075472 0.043238993710691814 0.13556953179594686
0 0.42177672955974843 0.246680642907058 0.02279874213836479 0.02375960866526903
