1 0.7564297993977865 0.7901765046296296 0.03273690541585286 0.100208819354022
1 0.9510101318359375 0.7243000736942997 0.027195167541503907 0.10484076605902778
1 0.7819520314534505 0.6170579698350694 0.022882906595865882 0.08049480296947338
1 0.4129569967448927 0.6731451896483638 0.017641541085363314 0.08605018898292797
1 0.6434815724690754 0.510903987178096 0.02498086293538411 0.05854085286458333
2 0.6334746042887369 0.6560603389033564 0.023354593912760416 0.08727083559389466
1 0.27892322012547494 0.6131167047002921 0.02531625244703847 0.06903392392570853
1 0.6644907633463543 0.5769947758427372 0.021022987365722657 0.06609542281539352
1 0.2857004165649414 0.7265262179904514 0.031003729502360026 0.07536055953414351
1 0.6093831380208333 0.49271494547526046 0.02506720225016276 0.059609307183159724
1 0.429507988277302 0.565623700177225 0.025178181297035803 0.06854756673177066
1 0.35306463241577146 0.7657111273871527 0.0322543462117513 0.047299024793836804
1 0.6726114908854167 0.5210996839735244 0.018762906392415363 0.07090307165075231
1 0.7049394607543945 0.4614390903049045 0.017778650919596354 0.06593667489510996
1 0.7184418996175129 0.4351375155978732 0.015601793924967446 0.06445012975622107
1 0.7493253596679262 0.47630488497211104 0.012796999569006741 0.068172254337537
1 0.5339588165283203 0.4691461068612558 0.02493394215901693 0.054858991834852426
1 0.745683044229891 0.4607271631553042 0.013425886617125914 0.06299610844364864
0 0.29074256934804715 0.6381335628365401 0.006131975487627021 0.011582620365517797
