1 0.8836022536109683 0.36929569950810054 0.029008801898030047 0.11226182168545713
1 0.4288613524255637 0.8701771488896116 0.04303862465893679 0.15711975097656222
1 0.7097326159589596 0.31249432742385946 0.030577810702763594 0.11526035736688954
1 0.5389275102263316 0.6648700855396403 0.034736641073108004 0.14680650499131925
2 0.8766406457153875 0.6248688874421279 0.04534629188991377 0.14247809516058998
1 0.47952760802339567 0.6525762223621229 0.033062572481365606 0.13312301196523066
1 0.4624777793884273 0.4397438815403878 0.025460004456599492 0.13273142245654884
1 0.25699599760491204 0.49347515593016994 0.03241106316012969 0.13155449761284707
1 0.8951081117443742 0.6875909875940396 0.03211638132731119 0.14345327309340714
1 0.8318312327067058 0.5596950954861112 0.04867566426595052 0.13586357964409723
2 0.7792948404947916 0.10661571643970631 0.028448740641276046 0.0930127673678928
1 0.3113329622462956 0.5258075623063013 0.055462061566245335 0.05798316610411943
1 0.25662594336203404 0.4157233344184014 0.02770818357655513 0.11763271755642318
1 0.9856876373291016 0.9319625289351854 0.02828470865885417 0.13607499864366318
