1 0.8710422515869141 0.5349730968475341 0.0295379638671875 0.1610609245300293
1 0.23860047936439513 0.45006261348724363 0.034684021472930905 0.1478467845916748
1 0.673277172961958 0.6667271212325946 0.04604620610285006 0.1504636778578051
1 0.9660757981702899 0.5900643444061265 0.048391408598939624 0.16958143234252904
1 0.8059019470214843 0.6352116394042969 0.03482513427734375 0.1585869598388672
1 0.8336869800090789 0.6154862022399903 0.03726043462753296 0.17451313018798828
2 0.6604609489440918 0.31221779346466066 0.03653697967529297 0.1243901538848877
2 0.25543162419435494 0.6461054801940915 0.04498943300379546 0.17425548553466794
1 0.7343239212036132 0.6126406288146973 0.032067489624023435 0.1770602798461914
1 0.7026198215609826 0.6428064006000692 0.029042591120022054 0.1800015450322471
1 0.7162837705361672 0.6461701883816674 0.028872680664062497 0.14995540618896486
0 0.6589051246643066 0.5639376747608185 0.013088417053222657 0.02140180826187134
