2 0.1592548688252767 0.5987311469184029 0.027921406428019203 0.1065238670066551
1 0.4387584368387858 0.8196040400752314 0.0326775868733724 0.1361506144205729
1 0.017227466901143393 0.7485840408890335 0.030857211351394652 0.13070113570601852
1 0.42241201400756834 0.5800239845558449 0.02771275838216146 0.0967688101309317
1 0.5004213015238443 0.6946142126012731 0.04178746541341147 0.11239132351345486
1 0.12183937231699626 0.6285131383825231 0.02361671129862468 0.11135090015552664
1 0.7854930877685546 0.7064498336226852 0.0280609130859375 0.11801384819878472
1 0.6184613545735678 0.636830421730324 0.023481178283691406 0.1113718103479456
1 0.6542055130004882 0.7270643446180557 0.02745386759440104 0.12493291784215858
1 0.5533897399902343 0.6837909839771412 0.030253473917643228 0.1135568689416956
1 0.7570107777913411 0.6849101313838253 0.03390585581461589 0.11185766149450231
1 0.6505165100097656 0.5849527994791667 0.020925966898600257 0.08870583993417246
1 0.8241277058919272 0.6601582845052083 0.018768692016601564 0.10781379982277199
1 0.5374842325846354 0.6253436053240741 0.024436283111572265 0.10496396665219908
1 0.6686963399251301 0.6397933394820601 0.02125263214111328 0.1161359433774595
1 0.4586085637410482 0.6631034568504052 0.020903396606445312 0.11073602747034145
1 0.749411137898763 0.6116190592447917 0.02498881022135417 0.11069087275752315
1 0.5524969198276417 0.6314115563198689 0.02940815331008016 0.10351728581682205
1 0.4491864204406738 0.6405530484197596 0.019356282552083357 0.10935512549120942
1 0.6696455637613932 0.5956814236111111 0.01732463836669922 0.07122107611762153
1 0.7626792907714833 0.6332695416837754 0.015856424967447907 0.06442737998936637
0 0.276943770482279 0.4418980591610025 0.006688145253699703 0.013272598332923153
1 0.20621794261643558 0.411685668063592 0.021041657773324937 0.0712521744705194
