1 0.6903466542561848 0.6165578206380209 0.03325608571370443 0.08230562563295718
1 0.07673501968383789 0.32628767225477434 0.024749676386515304 0.06514949092158565
1 0.5369845072428385 0.5836041485821759 0.02617753346761068 0.08326297336154515
1 0.6552013397216797 0.40538725676359955 0.020175615946451828 0.07441553186487268
1 0.5095570882161459 0.39968052616825817 0.021182791392008463 0.059073073775679975
2 0.4555936495463053 0.42213485152633096 0.023921712239583334 0.07457272564923322
1 0.5924564361572265 0.4122729831271701 0.01855023701985677 0.07471514101381656
1 0.7323535919189453 0.48055691189236116 0.020145225524902343 0.08162847448278358
1 0.03582379420598348 0.2787367644133391 0.017579537630081177 0.06034441347475405
1 0.4987452824910482 0.46477836326316546 0.020111942291259767 0.0753459789134838
1 0.43858791987101237 0.3774737322771991 0.020032056172688804 0.057417495162398725
1 0.4993552525838216 0.31400971589265053 0.023085784912109376 0.05188033492476852
1 0.5504238128662109 0.4017794573748553 0.017979939778645832 0.0736750567400897
1 0.5419305165608724 0.40619359899450236 0.01861254374186198 0.06735859623661748
0 0.4318814872144221 0.39617989372491136 0.007544069819901083 0.014200602013931488
