1 0.4691290855407715 0.37097757127549913 0.03163886070251465 0.12603579627143013
1 0.26031880378723143 0.4603144327799479 0.04759056568145752 0.13074167039659287
1 0.7436684131622314 0.6244775136311849 0.03629493713378906 0.15739542643229168
1 0.19314360618591309 0.7682013617621527 0.042838335037231445 0.17593824598524305
1 0.3256840705871582 0.5435169643825954 0.036715245246887206 0.1515951368543837
1 0.612537431716919 0.7427974239751899 0.04406061172485352 0.16641091987188691
1 0.5288054943084717 0.453497060139974 0.03516368865966797 0.1254259321424696
1 0.15122774839401246 0.6210009256998698 0.03722350597381592 0.15763833787706164
1 0.6593750447300784 0.25513197112062236 0.03986267452791037 0.115286391417609
1 0.5986358642578126 0.530475107828776 0.051227378845214847 0.1390191396077474
1 0.6101955521862562 0.5170742884219676 0.028732748067035154 0.13852348343607646
1 0.008161891996860505 0.5145133124457465 0.01632378399372101 0.155029296875
1 0.606840718462412 0.48071227262176974 0.0675497622982262 0.10638047248883252
0 0.6722764918764804 0.1942622692791151 0.009221863537019488 0.016394424065812645
