1 0.5743263880411784 0.666466776529948 0.01801910400390625 0.0504150390625
1 0.7770459493001302 0.6292391176576968 0.019753456115722656 0.04915720621744792
1 0.23653244267537893 0.7558502152325127 0.022900344014880784 0.055994696560654186
1 0.25980710983276367 0.7176262184425636 0.024517265955607093 0.05104404025607638
1 0.5688052495320638 0.8117835150824653 0.02189890543619792 0.062255124692563654
1 0.2174954891204834 0.4889175980179398 0.012319246927897133 0.03874551278573495
1 0.6673212687174478 0.5652959752965857 0.013231913248697914 0.03749610053168403
1 0.7786210378011063 0.6930162208357483 0.018933169047037752 0.052699956048667396
1 0.43580166498819994 0.6750449851707176 0.0183563232421875 0.04948577880859375
1 0.6874114990234375 0.5936708803530092 0.014548301696777344 0.04354575828269676
1 0.1712912400563558 0.5990753173828125 0.020544115702311197 0.04375712076822916
1 0.38046442667643227 0.5433967872902198 0.014208062489827472 0.038363817003038196
1 0.5415668487548829 0.8883093939887153 0.022479915618896486 0.06908315022786458
1 0.29131615956624346 0.49094718650535296 0.013065528869628907 0.039303447582103586
1 0.3566360473632812 0.4556593153211806 0.01237138112386068 0.03432594581886574
1 0.49108898908337895 0.47536239644020206 0.010726780286611347 0.033648059586320014
1 0.7453315734863282 0.506816722728588 0.012709108988444011 0.04067930998625579
2 0.3386252085367839 0.6077988236038773 0.013629213968912762 0.040407420970775466
1 0.8802588144938152 0.4881139684606481 0.012543805440266927 0.037491579408998846
1 0.625997797648112 0.4381210684962759 0.0093969980875651 0.03394129625759241
1 0.6972660064697266 0.496677087854456 0.011223030090332032 0.04202106617115162
2 0.2266433908858979 0.3860092769182757 0.007934743034623453 0.02583291619612696
0 0.5368205486400955 0.9039335203407097 0.008243527870837718 0.01133701107603862
1 0.43083006540934243 0.408770893238209 0.010117753346761066 0.028229777018229166
