1 0.784124247233073 0.5726603190104167 0.02927881876627604 0.08713248923972801
1 0.2708905220031738 0.5761629457826968 0.0331937313079834 0.07986715811270255
1 0.541232426961263 0.678855217827691 0.028497886657714844 0.08778460467303241
1 0.287570858001709 0.65777587890625 0.03590558369954427 0.0870786878797743
1 0.729048792521159 0.456125330041956 0.02841320037841797 0.06658915766963253
2 0.2101292292277018 0.3855274341724537 0.027095858256022134 0.06950002599645544
1 0.03234711488087972 0.3280100787127459 0.020341938734054564 0.0652242589879919
1 0.5035593032836914 0.31195548728660305 0.02449172337849935 0.05615305017541956
1 0.29372297922770185 0.3480749059606481 0.020856698354085282 0.05689988312897859
1 0.6729693094889323 0.4564709698712385 0.030479621887207032 0.069708901864511
1 0.4464843432108561 0.27777633666992185 0.019713910420735677 0.0495840001989294
1 0.2660792032877604 0.4683703952365451 0.026538960138956704 0.0733020923755787
1 0.2872968991597493 0.4314983226634838 0.025590451558430993 0.07146179764359085
