1 0.8728139241536458 0.48646104600694445 0.02431265513102214 0.10198505542896412
2 0.6987037022908528 0.5724296287254051 0.030730692545572914 0.11473778618706597
1 0.7122437795003255 0.39015932436342593 0.02461306254069011 0.07746274029767072
1 0.7995641072591145 0.556970101815683 0.026483535766601562 0.09610889576099536
1 0.841659418741862 0.43392153139467593 0.02407582600911458 0.09476818508572048
1 0.650699234008789 0.3957477145724827 0.022453625996907547 0.08923235292787907
1 0.5829538869197397 0.4517113603056773 0.02336669617191951 0.08937463938165525
2 0.8390456517537436 0.22337256537543404 0.027993520100911454 0.06569356565122252
1 0.27621021270751955 0.42140209056712963 0.031705840428670244 0.07224434746636285
1 0.5364508946736654 0.5980348375108507 0.026758416493733724 0.11013895670572917
1 0.7320170720418295 0.43333938033492475 0.021721267700195314 0.08110820628978586
1 0.9708353678385417 0.5245838871708624 0.02305348714192708 0.10528612490053531
1 0.518960730234782 0.5521947224934897 0.01853796641031901 0.10361565483940974
1 0.48277187347412115 0.5581349125614874 0.025602976481119796 0.10826506438078703
1 0.6245546976725256 0.42033888890756865 0.018896929423014318 0.08240862875134085
1 0.49187564849853516 0.5270862155490452 0.019023895263671875 0.09473854347511575
1 0.5481302162561574 0.4753694994524178 0.0094056599689491 0.09534484742912634
1 0.5305720596395588 0.4869835747612869 0.01564161556614181 0.08874212194372126
1 0.6400860421789482 0.42268043070407635 0.024519152733961082 0.08156178685516285
1 0.5443534927245068 0.4778027283861927 0.0114062474815035 0.09704595427670909
1 0.536047668477558 0.4841613769531294 0.012355874420523888 0.09431909631799833
0 0.7940939429515175 0.5648782718127169 0.0038563205383620415 0.013295866098595678
