2 0.7398677825927734 0.41365785951967593 0.027169227600097656 0.11062712492766204
1 0.8104471206665039 0.5742323133680556 0.0447998046875 0.1372765435112847
1 0.26370477071640624 0.3814079632251711 0.03305754281604803 0.1000470304270542
1 0.1540371076202868 0.41673025345396814 0.024049990712046547 0.11825711285626435
1 0.8641956965128581 0.3624039826569734 0.02821286519368489 0.10340844613534433
1 0.29694203345738107 0.39710139071528716 0.022364320159607952 0.10326026633933737
1 0.8856128991268273 0.3626194141529219 0.02351460697739254 0.10637834337022552
1 0.38936430247498477 0.43502606767209584 0.015829257059372444 0.11299073961046004
1 0.6376614508717189 0.32018032442661976 0.03034641299425153 0.07381916077092027
1 0.8353505762922415 0.307563869978964 0.02556151711942959 0.08701027070288218
1 0.4136781703744666 0.4780572221678661 0.026388742217352715 0.1261069946378804
1 0.7311687469482421 0.3199930261682579 0.02173068684876809 0.0848889386212384
1 0.4494924654998487 0.33775539992039433 0.016691662210662192 0.09393838502771479
1 0.6684039470367334 0.30223460839847116 0.02030437885517854 0.08038366812246817
1 0.750371029668372 0.2919026692708329 0.02567199606363119 0.07846798366970478
1 0.9912222854213946 0.3036834716796872 0.017555429157208414 0.08772306089048025
2 0.6894796481170369 0.24038233324304545 0.016607584991169804 0.076668718126085
