1 0.13561979166666666 0.8131944444444444 0.033463541666666666 0.1319907407407407
1 0.2551875 0.6886759259259259 0.030552083333333317 0.12110185185185182
1 0.29575 0.37695370370370374 0.024911458333333296 0.07950925925925927
1 0.328859375 0.45992592592592596 0.025666666666666654 0.09119444444444445
1 0.47003645833333335 0.6140925925925926 0.023359374999999953 0.1099537037037037
1 0.45915625000000004 0.4378611111111111 0.018338541666666687 0.0984907407407408
1 0.36249479166666665 0.30277777777777776 0.022921874999999994 0.07188888888888888
1 0.5119739583333334 0.42364814814814816 0.023505208333333392 0.08359259259259257
1 0.6254479166666667 0.5592777777777778 0.02059374999999998 0.11127777777777784
1 0.6608385416666667 0.4496388888888889 0.016786458333333344 0.09226851851851856
1 0.7845885416666667 0.5373518518518519 0.01767708333333336 0.10531481481481482
1 0.5207239583333333 0.3875092592592593 0.024265624999999957 0.07356481481481486
1 0.5285625 0.35097222222222224 0.017109375000000013 0.08165740740740736
1 0.71121875 0.36964814814814817 0.01708333333333343 0.08112962962962963
1 0.8517916666666667 0.44165740740740744 0.025734374999999924 0.09524999999999995
1 0.8848385416666668 0.5345 0.02180729166666661 0.10232407407407407
1 0.9330937499999999 0.5021481481481482 0.02393229166666657 0.1106944444444444
1 0.9932916666666666 0.8098055555555556 0.01341666666666678 0.13874074074074066
2 0.6653489583333333 0.42053703703703704 0.021239583333333437 0.09630555555555555
2 0.20361458333333332 0.23517592592592593 0.01409895833333336 0.06507407407407405
0 0.30438541666666663 0.40882407407407406 0.006697916666666614 0.018666666666666637