1 0.14486458333333332 0.5295833333333334 0.025442708333333345 0.09575925925925932
1 0.26259375 0.5645925925925925 0.026645833333333317 0.09854629629629635
1 0.23400520833333335 0.7303518518518518 0.03398958333333333 0.11366666666666665
1 0.28839583333333335 0.7074074074074074 0.02486458333333334 0.11524074074074077
1 0.352734375 0.6316481481481481 0.023406250000000028 0.10213888888888883
1 0.3099739583333333 0.31625000000000003 0.01907291666666661 0.0665648148148148
1 0.40189583333333334 0.29845370370370367 0.014942708333333362 0.06260185185185187
1 0.5448697916666667 0.4519444444444445 0.026156249999999954 0.08483333333333339
1 0.5489895833333333 0.5026851851851851 0.019703124999999964 0.0894166666666666
1 0.5865260416666668 0.6457870370370371 0.041609374999999935 0.10867592592592583
1 0.6863697916666667 0.6118703703703704 0.033302083333333364 0.10411111111111117
1 0.7465416666666667 0.4321666666666667 0.026843749999999982 0.07888888888888893
1 0.8750052083333333 0.5018888888888888 0.027932291666666723 0.08980555555555557
1 0.9069791666666667 0.4741944444444444 0.026260416666666706 0.08187962962962969
1 0.801875 0.3341574074074074 0.02116145833333339 0.07072222222222221
1 0.9618854166666666 0.39825 0.031515625000000116 0.08224074074074068
2 0.6315885416666667 0.4965185185185185 0.028067708333333267 0.09290740740740738
2 0.29117187499999997 0.18396296296296297 0.015958333333333387 0.05708333333333331
0 0.24261979166666667 0.5700000000000001 0.012291666666666678 0.018388888888888795