1 0.017781250000000002 0.4426851851851852 0.021755208333333338 0.0933518518518518
1 0.030906250000000003 0.40549999999999997 0.023651041666666664 0.08875925925925927
1 0.2762395833333333 0.5372592592592592 0.03524479166666668 0.10447222222222216
1 0.304046875 0.49153703703703705 0.03267187500000001 0.09963888888888885
1 0.28841666666666665 0.3151296296296296 0.021713541666666693 0.06922222222222221
1 0.329078125 0.42174074074074075 0.031312499999999945 0.08515740740740743
1 0.3617604166666667 0.3354722222222222 0.01682812499999997 0.07862037037037034
1 0.40891666666666665 0.3784259259259259 0.023182291666666664 0.07550925925925922
1 0.4503229166666667 0.35737037037037034 0.01938541666666668 0.07911111111111106
1 0.46115104166666665 0.4231851851851852 0.024796874999999947 0.08804629629629633
1 0.520421875 0.33475 0.024244791666666644 0.07236111111111108
1 0.5344947916666667 0.3323425925925926 0.025322916666666608 0.06754629629629634
1 0.5858072916666667 0.8921851851851851 0.02916145833333322 0.14550925925925934
1 0.7924375 0.7887037037037037 0.03372916666666678 0.13100925925925927
1 0.743859375 0.5466111111111112 0.03454687499999996 0.09911111111111108
1 0.715984375 0.5218240740740742 0.024270833333333287 0.10247222222222224
1 0.7471718749999999 0.41425 0.02033854166666676 0.09423148148148146
2 0.47261458333333334 0.4940925925925926 0.02564062500000001 0.09563888888888886
2 0.15419791666666666 0.28424074074074074 0.02332812499999998 0.06900925925925923