1 0.022317708333333335 0.43100925925925926 0.021359375000000003 0.08684259259259255
1 0.03118229166666666 0.3997222222222222 0.024203124999999995 0.08201851851851856
1 0.26785416666666667 0.6198055555555555 0.023890624999999974 0.11559259259259251
1 0.32982812499999997 0.6417037037037037 0.02875520833333335 0.10645370370370373
1 0.39140104166666667 0.7622685185185185 0.026848958333333308 0.13106481481481477
1 0.2770572916666667 0.3385925925925926 0.016312499999999966 0.07524074074074073
1 0.10527083333333334 0.2789166666666667 0.016744791666666654 0.07136111111111106
1 0.14329166666666668 0.19312037037037036 0.014307291666666682 0.056157407407407385
1 0.359328125 0.31260185185185185 0.017380208333333275 0.07137962962962965
1 0.558921875 0.49694444444444447 0.018703124999999925 0.08400000000000002
1 0.5197499999999999 0.29900925925925925 0.014786458333333386 0.0658425925925926
1 0.6464739583333333 0.4585648148148148 0.03411458333333333 0.09143518518518519
1 0.5274635416666666 0.21405555555555555 0.011265625000000057 0.05472222222222224
1 0.70875 0.4533611111111111 0.026041666666666668 0.09065740740740744
1 0.738046875 0.29500925925925925 0.017239583333333287 0.07227777777777773
1 0.7875052083333334 0.6075 0.021156249999999942 0.10782407407407411
1 0.8381770833333333 0.9042314814814816 0.034541666666666755 0.14793518518518528
2 0.29877604166666666 0.4805833333333333 0.024833333333333367 0.09458333333333337
2 0.1583125 0.16785185185185186 0.014572916666666677 0.05374074074074076
0 0.7477239583333334 0.6472037037037037 0.01061458333333339 0.021222222222222288