1 0.029265625 0.5812222222222222 0.03335416666666668 0.10543518518518509
1 0.06644270833333334 0.4718981481481481 0.01988541666666667 0.10537962962962957
1 0.23124479166666667 0.4281666666666667 0.027468750000000004 0.09077777777777775
1 0.3565260416666666 0.40149074074074076 0.02042187500000002 0.0816481481481482
1 0.28942187500000005 0.8465833333333332 0.034041666666666616 0.13915740740740737
1 0.39026041666666667 0.5036481481481482 0.02202604166666665 0.09601851851851856
1 0.3949479166666666 0.45679629629629626 0.02788020833333332 0.07517592592592587
1 0.41368229166666665 0.4234814814814815 0.02787499999999999 0.08139814814814812
1 0.4908854166666667 0.49324074074074076 0.01981249999999998 0.09601851851851856
1 0.509109375 0.4161944444444445 0.025515625000000004 0.07723148148148146
1 0.48444791666666664 0.37089814814814814 0.02449479166666665 0.08033333333333333
1 0.67625 0.42907407407407405 0.026078125000000084 0.08478703703703698
1 0.7709739583333334 0.42283333333333334 0.023776041666666713 0.08270370370370375
1 0.8077083333333334 0.39537037037037037 0.01820833333333335 0.0772222222222222
1 0.9286041666666667 0.5173148148148149 0.019942708333333316 0.09993518518518524
1 0.9372395833333333 0.4493796296296296 0.02843229166666674 0.09416666666666666
1 0.93775 0.7711018518518519 0.030916666666666735 0.1235000000000001
2 0.6136354166666667 0.5704166666666666 0.02584895833333339 0.11245370370370375
2 0.15000520833333333 0.3516574074074074 0.025999999999999978 0.07826851851851849
0 0.47667708333333336 0.4033611111111111 0.009171874999999947 0.01455555555555558