1 0.014067708333333337 0.5136666666666666 0.023260416666666665 0.10395370370370369
1 0.19307291666666665 0.3475833333333333 0.015927083333333356 0.07218518518518521
1 0.25844791666666667 0.391712962962963 0.016677083333333325 0.07925000000000003
1 0.45541145833333335 0.4729259259259259 0.01846875000000002 0.09012037037037035
1 0.4779427083333333 0.42825925925925923 0.0269895833333333 0.08198148148148145
1 0.502296875 0.4285277777777778 0.02698437499999997 0.07710185185185184
1 0.500390625 0.3378425925925926 0.023484374999999957 0.08517592592592593
1 0.5501666666666666 0.3960370370370371 0.01769270833333323 0.07709259259259259
1 0.5968177083333334 0.6020462962962964 0.024229166666666656 0.10481481481481486
1 0.5430104166666666 0.9344907407407408 0.03687500000000003 0.1310185185185185
1 0.6208125 0.5580833333333334 0.022781249999999885 0.1011203703703704
1 0.6487864583333334 0.43353703703703705 0.025239583333333353 0.07508333333333336
1 0.6926927083333333 0.3978796296296296 0.020505208333333278 0.07323148148148151
1 0.7338749999999999 0.4348240740740741 0.03191145833333332 0.08861111111111115
2 0.6396302083333333 0.5103703703703704 0.021333333333333353 0.09052777777777776
2 0.2621614583333333 0.3222037037037037 0.016093750000000018 0.06741666666666661
0 0.49432291666666667 0.3008981481481482 0.007427083333333329 0.012305555555555523