1 0.13863020833333334 0.5420185185185186 0.024562499999999984 0.10734259259259266
1 0.201734375 0.5368055555555555 0.023249999999999993 0.0992407407407408
1 0.420328125 0.8011851851851851 0.033624999999999974 0.1352592592592592
1 0.26711979166666666 0.3534259259259259 0.02258854166666664 0.07715740740740744
1 0.008453125 0.2976574074074074 0.01534375 0.08129629629629626
1 0.3216354166666667 0.3029814814814815 0.014510416666666614 0.06880555555555551
1 0.3572239583333333 0.3271574074074074 0.017239583333333287 0.07784259259259264
1 0.40829166666666666 0.4821944444444444 0.02126562499999996 0.10106481481481484
1 0.4436822916666667 0.4226111111111111 0.02854687499999997 0.09062037037037038
1 0.627078125 0.45176851851851857 0.022921875000000112 0.0934074074074074
1 0.46371875 0.25392592592592594 0.017609374999999972 0.0632222222222222
1 0.6683229166666667 0.3168611111111111 0.01640625 0.07806481481481486
1 0.7860989583333333 0.5417500000000001 0.02085416666666665 0.09756481481481492
1 0.8470572916666667 0.9093333333333333 0.03216666666666678 0.15492592592592586
0 0.7527916666666666 0.5584074074074075 0.00941145833333342 0.0198333333333334
2 0.266390625 0.5477037037037037 0.023739583333333324 0.10021296296296298
2 0.01885416666666667 0.19655555555555557 0.018182291666666666 0.06184259259259261