2 0.02550520833333333 0.3108796296296296 0.024114583333333335 0.0764444444444444
2 0.661203125 0.4654814814814815 0.025843749999999943 0.09383333333333331
1 0.049578125 0.6381296296296296 0.027760416666666673 0.11531481481481479
1 0.2641875 0.7340555555555556 0.028812499999999998 0.12469444444444451
1 0.055859375 0.3505462962962963 0.017578125 0.07314814814814814
1 0.24020833333333333 0.3476388888888889 0.017447916666666667 0.07613888888888891
1 0.4165052083333334 0.36030555555555555 0.0176145833333333 0.08037037037037033
1 0.515453125 0.31774074074074077 0.020119791666666723 0.06906481481481484
1 0.504828125 0.361962962962963 0.021604166666666678 0.06786111111111108
1 0.49370312499999996 0.44074074074074077 0.02407812500000001 0.09181481481481484
1 0.51421875 0.4292222222222222 0.02258854166666661 0.08812037037037034
1 0.6578333333333333 0.36239814814814814 0.0319583333333334 0.06698148148148152
1 0.6907135416666667 0.37162962962962964 0.021572916666666705 0.07665740740740737
1 0.7277395833333333 0.3454351851851852 0.015536458333333296 0.06996296296296302
1 0.7235885416666666 0.46087962962962964 0.02305208333333345 0.09516666666666664
1 0.7517656250000001 0.47713888888888883 0.02205729166666662 0.090787037037037