1 0.050374999999999996 0.5716574074074074 0.032906250000000005 0.10445370370370366
1 0.240921875 0.7843055555555555 0.0368177083333333 0.12941666666666665
1 0.351328125 0.5331388888888888 0.03665625000000006 0.09746296296296296
1 0.43703125000000004 0.5599074074074074 0.02510416666666669 0.10596296296296301
1 0.5031041666666667 0.6877407407407408 0.029177083333333322 0.11643518518518518
1 0.2958072916666667 0.42280555555555555 0.022734375000000046 0.08198148148148145
1 0.40325520833333334 0.43732407407407403 0.027359374999999984 0.08098148148148146
1 0.47319791666666666 0.4391944444444444 0.021437500000000043 0.08723148148148147
1 0.41120833333333334 0.34775925925925927 0.022718749999999944 0.072
1 0.610203125 0.3866574074074074 0.026624999999999944 0.07223148148148148
1 0.7840364583333332 0.46084259259259264 0.022442708333333408 0.08799074074074077
1 0.805359375 0.6453425925925926 0.03833854166666673 0.11920370370370371
1 0.7924791666666666 0.4091851851851852 0.016812500000000105 0.08725000000000002
1 0.8124635416666667 0.34976851851851853 0.022999999999999923 0.06599999999999998
1 0.9386302083333333 0.3771574074074074 0.028468749999999925 0.07325000000000001
2 0.8442708333333333 0.5043611111111111 0.02975520833333339 0.09496296296296292
2 0.38778124999999997 0.25330555555555556 0.017390625000000052 0.06560185185185187
0 0.29868229166666665 0.4498240740740741 0.008088541666666652 0.01369444444444441