0 0.7410052083333334 0.4571574074074074 0.0067968750000000945 0.015583333333333371
1 0.7429270833333333 0.42336111111111113 0.02027083333333337 0.07632407407407413
1 0.7971822916666667 0.6207222222222222 0.020500000000000067 0.10103703703703715
1 0.7041770833333333 0.9652962962962963 0.03901562499999992 0.06940740740740745
1 0.4825885416666667 0.5019351851851852 0.01932291666666662 0.08588888888888888
1 0.45215625 0.3297685185185185 0.013796875000000005 0.06237962962962963
1 0.4326666666666667 0.36121296296296296 0.0133177083333333 0.06111111111111111
1 0.42622916666666666 0.38047222222222227 0.01367708333333333 0.0654074074074074
1 0.36632291666666666 0.38913888888888887 0.018979166666666696 0.072037037037037
1 0.3667447916666667 0.5010277777777777 0.022953124999999967 0.08622222222222228
1 0.31952604166666665 0.4892592592592592 0.019229166666666703 0.08407407407407404
1 0.31230729166666665 0.6008333333333333 0.019229166666666703 0.0988981481481481
1 0.25071875 0.6046851851851851 0.02116666666666666 0.09462037037037042
1 0.09008854166666666 0.8558055555555555 0.049760416666666675 0.13402777777777777
1 0.007984375 0.5217314814814815 0.015734375000000002 0.09340740740740751
1 0.04467708333333333 0.47947222222222224 0.024145833333333335 0.0837592592592593
1 0.04527604166666667 0.44845370370370374 0.02005729166666666 0.07732407407407411
1 0.14326041666666667 0.3365648148148148 0.014625000000000022 0.06313888888888894
1 0.197875 0.31412962962962965 0.014135416666666659 0.06189814814814817
2 0.13411979166666665 0.29679629629629634 0.016552083333333318 0.06061111111111114
2 0.3007916666666667 0.549574074074074 0.019052083333333296 0.0977592592592592