1 0.813125 0.4976388888888889 0.026078125000000084 0.10572222222222223
1 0.5646093750000001 0.4559861111111111 0.02829687500000002 0.09187499999999997
2 0.6272890624999999 0.4907916666666667 0.027054687500000084 0.08940277777777779
1 0.66715625 0.40444444444444444 0.024257812499999965 0.08273611111111118
1 0.8543749999999999 0.5184444444444444 0.025265625000000114 0.10102777777777779
1 0.884171875 0.6692638888888889 0.029789062500000085 0.1196111111111112
1 0.75540625 0.386625 0.024906250000000085 0.08754166666666663
1 0.3902421875 0.2722916666666667 0.024382812500000028 0.06893055555555555
1 0.632765625 0.6094583333333333 0.027179687499999973 0.10591666666666666
1 0.8660234375 0.8691805555555555 0.03451562499999987 0.12761111111111126
1 0.4230078125 0.48719444444444443 0.025351562500000036 0.09712500000000009
1 0.5496640625 0.26493055555555556 0.02257812500000007 0.06355555555555555
1 0.18385156250000004 0.9357222222222222 0.03486718750000002 0.12855555555555548
1 0.21475 0.54375 0.033781250000000006 0.11548611111111108
1 0.36706249999999996 0.6899722222222222 0.03206249999999997 0.12538888888888886
1 0.6390156250000001 0.7718888888888888 0.032164062500000055 0.1183333333333334
1 0.3073515625 0.24275 0.023625000000000007 0.0782222222222222
1 0.617328125 0.26775 0.024929687500000065 0.05616666666666666