1 0.6478828125 0.5082083333333334 0.04428125000000005 0.0970833333333333
1 0.9823124999999999 0.7081666666666666 0.03536718749999999 0.11936111111111118
1 0.7087890625 0.5002361111111111 0.044140625 0.09563888888888891
1 0.385046875 0.2578472222222222 0.01909375000000004 0.077
1 0.1085703125 0.38076388888888885 0.02261718749999999 0.08218055555555553
1 0.5845625 0.4635694444444444 0.03438281249999999 0.10197222222222216
1 0.6465156249999999 0.4494722222222222 0.02553125000000005 0.08309722222222228
1 0.1720546875 0.36491666666666667 0.024898437500000002 0.08500000000000002
1 0.808421875 0.5696805555555555 0.03973437500000001 0.10108333333333329
1 0.42290625000000004 0.6049305555555555 0.03237500000000004 0.10812500000000003
1 0.4396328125 0.41629166666666667 0.024812499999999994 0.07394444444444445
1 0.787125 0.5240138888888889 0.02517187500000002 0.07944444444444451
1 0.3906953125 0.335875 0.024265625000000002 0.08365277777777777
0 0.617609375 0.32372222222222224 0.012906249999999985 0.017666666666666705
1 0.6778828125 0.46263888888888893 0.02960937500000007 0.09997222222222225
1 0.76878125 0.5690000000000001 0.03679687499999993 0.08747222222222224
1 0.1318359375 0.40462499999999996 0.02102343750000002 0.09013888888888885
2 0.15325781249999998 0.43693055555555554 0.02150781250000002 0.10476388888888882
1 0.94165625 0.46347222222222223 0.03367187499999993 0.07829166666666668