1 0.44227343750000003 0.6716805555555556 0.05635937500000008 0.14659722222222216
1 0.63034375 0.3581111111111111 0.054335937499999966 0.13573611111111114
1 0.47396093749999996 0.7448333333333333 0.060789062499999956 0.14793055555555554
1 0.4292421875 0.5176111111111111 0.040281249999999956 0.1457916666666667
1 0.8817421875000001 0.40873611111111113 0.042601562500000155 0.1555833333333333
1 0.9063671875000001 0.22866666666666666 0.04120312499999983 0.11844444444444442
1 0.7382421875 0.47768055555555555 0.047843750000000004 0.14663888888888896
1 0.7908203125 0.1952638888888889 0.04050781249999993 0.11640277777777779
1 0.3601328125 0.7804027777777778 0.05749218750000003 0.18818055555555557
1 0.451671875 0.26568055555555553 0.05209375000000005 0.12870833333333337
1 0.6902265625 0.2951111111111111 0.036476562500000045 0.1424166666666667
1 0.7669609375 0.31056944444444445 0.03526562500000008 0.13413888888888892