1 0.6355234375000001 0.35886111111111113 0.042648437499999935 0.08815277777777782
1 0.8315078124999999 0.5393611111111111 0.04972656250000007 0.1152638888888889
1 0.5973359375 0.8959166666666666 0.04075781250000006 0.13875000000000012
2 0.22003124999999998 0.45888888888888885 0.027945312499999986 0.10331944444444442
1 0.7415703125 0.34872222222222227 0.03621093749999993 0.08911111111111114
1 0.10299218750000001 0.3988055555555555 0.03478906250000001 0.09938888888888885
1 0.325546875 0.7740555555555556 0.047507812500000045 0.12788888888888886
1 0.7183671875 0.43290277777777775 0.04186718749999994 0.08824999999999995
1 0.3443125 0.34752777777777777 0.031125000000000024 0.09681944444444442
1 0.32884375 0.5478194444444444 0.026046875000000025 0.11143055555555557
1 0.18058593750000002 0.2790972222222222 0.02706249999999999 0.07901388888888887
1 0.5847187500000001 0.34141666666666665 0.019367187499999973 0.07830555555555554
1 0.5703750000000001 0.3920138888888889 0.01978124999999995 0.08286111111111107
1 0.34680468750000004 0.5312777777777777 0.020632812499999976 0.12420833333333342
0 0.738109375 0.38429166666666664 0.011820312500000086 0.01856944444444445