1 0.9047499999999999 0.42087499999999994 0.05042968750000014 0.13744444444444445
1 0.66634375 0.43988888888888894 0.05491406249999997 0.14679166666666674
1 0.6431640625 0.2750138888888889 0.05314843749999998 0.1208472222222222
0 0.388265625 0.44736111111111115 0.013507812499999971 0.01843055555555553
1 0.415640625 0.5240416666666666 0.04417187499999997 0.14320833333333335
1 0.844625 0.6925555555555556 0.044320312500000014 0.16965277777777782
1 0.76378125 0.6999027777777779 0.04771093749999995 0.1670555555555556
1 0.2801328125 0.43480555555555556 0.03767187500000002 0.13519444444444448
1 0.11661718750000001 0.4574861111111111 0.036750000000000005 0.13805555555555551
1 0.327546875 0.4145 0.041898437499999996 0.13395833333333335
1 0.1427265625 0.7561249999999999 0.043210937500000005 0.1720833333333334
2 0.45249218750000003 0.6791805555555556 0.04442187499999992 0.1569166666666667
1 0.010468750000000002 0.5983055555555555 0.0208203125 0.17455555555555563