1 0.435578125 0.5306388888888889 0.03237500000000004 0.07793055555555557
1 0.3862421875 0.19719444444444442 0.021250000000000036 0.05754166666666668
1 0.2785625 0.5032361111111111 0.02400000000000002 0.07601388888888891
1 0.44084375 0.7287222222222222 0.03260937500000001 0.084625
1 0.486734375 0.5403333333333333 0.020187499999999935 0.07741666666666668
1 0.49778124999999995 0.3854027777777778 0.02469531249999992 0.06288888888888886
1 0.23684375000000002 0.24662499999999998 0.020960937500000033 0.059291666666666666
2 0.25034375 0.2840833333333333 0.015890625000000026 0.06277777777777777
1 0.76265625 0.4165 0.030085937499999993 0.0791527777777778
1 0.5349375000000001 0.4388333333333333 0.018929687500000014 0.080375
1 0.4829296875 0.20494444444444446 0.017257812499999935 0.04877777777777778
1 0.5170859375 0.17925 0.024585937500000023 0.062361111111111096
1 0.46217968750000005 0.2842222222222222 0.020875000000000022 0.06663888888888891
1 0.340125 0.19383333333333333 0.023921875000000002 0.056194444444444436
1 0.5093593750000001 0.45290277777777777 0.020796874999999916 0.08438888888888887
1 0.53925 0.3815 0.02265625 0.06465277777777775
1 0.49818749999999995 0.42816666666666664 0.013914062499999958 0.06416666666666673
1 0.4891640625 0.4820138888888889 0.020890625000000006 0.07061111111111115
0 0.32992187500000003 0.2191111111111111 0.0067421874999999964 0.01140277777777775