1 0.10272916666666668 0.5881203703703703 0.018333333333333326 0.09208333333333338
1 0.22296354166666665 0.6739814814814815 0.01973958333333332 0.10058333333333322
1 0.11571354166666666 0.4082222222222222 0.01896354166666668 0.08691666666666667
1 0.17104166666666665 0.28378703703703706 0.017213541666666644 0.07446296296296293
1 0.30694270833333337 0.28547222222222224 0.015135416666666639 0.0665833333333333
1 0.3242760416666667 0.478462962962963 0.019723958333333277 0.08386111111111105
1 0.3625833333333333 0.4766296296296296 0.026682291666666677 0.08301851851851855
2 0.40453645833333335 0.40118518518518514 0.018760416666666658 0.07847222222222222
1 0.5718645833333333 0.5332222222222223 0.020947916666666563 0.10049999999999996
1 0.7399270833333333 0.3344722222222222 0.013526041666666563 0.06608333333333334
1 0.7523541666666667 0.316037037037037 0.011468749999999991 0.07141666666666666
1 0.7628020833333333 0.33405555555555555 0.012098958333333344 0.07368518518518523
1 0.7702395833333333 0.33264814814814814 0.012416666666666742 0.06523148148148153
1 0.7923229166666667 0.4104907407407407 0.020166666666666562 0.07175000000000001
1 0.7928802083333333 0.3194166666666667 0.016526041666666675 0.07817592592592598
1 0.804671875 0.3367314814814815 0.013203124999999953 0.07058333333333335
1 0.8073645833333334 0.31899074074074074 0.015416666666666618 0.07451851851851854
1 0.82865625 0.3223703703703704 0.012088541666666685 0.07001851851851852
1 0.8448020833333333 0.3961296296296296 0.019052083333333296 0.08244444444444442
1 0.8822395833333334 0.4463888888888889 0.016354166666666715 0.09007407407407404
1 0.9312343750000001 0.4867870370370371 0.018401041666666628 0.09487962962962966
1 0.27815625 0.6441481481481481 0.011390624999999942 0.021203703703703787