2 0.039906250000000004 0.07243518518518519 0.014500000000000002 0.05323148148148149
1 0.167453125 0.22162037037037036 0.020609375000000027 0.05575925925925923
1 0.18002604166666666 0.321962962962963 0.024484374999999996 0.07405555555555557
1 0.3655 0.501074074074074 0.023828125 0.07192592592592599
1 0.380890625 0.3862685185185185 0.027078125000000005 0.07364814814814812
1 0.45745833333333336 0.5725 0.03507291666666663 0.08575925925925916
2 0.40572395833333336 0.2953796296296296 0.020442708333333334 0.06313888888888894
1 0.46008333333333334 0.14107407407407407 0.022812499999999975 0.05482407407407407
1 0.5163854166666667 0.15242592592592594 0.020302083333333342 0.055277777777777766
1 0.5636145833333334 0.20982407407407408 0.02091666666666659 0.06331481481481481
1 0.6418697916666667 0.20537962962962963 0.028536458333333313 0.06331481481481481
1 0.668453125 0.20537962962962963 0.015395833333333305 0.06331481481481481
1 0.6362395833333333 0.3431018518518519 0.01978125000000001 0.06738888888888886
1 0.6448072916666666 0.33120370370370367 0.02365625000000004 0.06805555555555555
1 0.6027083333333334 0.5011851851851852 0.0327968749999999 0.07882407407407412
1 0.7311614583333333 0.3988333333333333 0.026947916666666554 0.076537037037037
1 0.7527447916666666 0.5027407407407408 0.018812499999999944 0.07525925925925923
1 0.8122291666666667 0.33331481481481484 0.01892708333333341 0.07227777777777773
1 0.974625 0.3077222222222222 0.018401041666666628 0.07893518518518519
1 0.45696875 0.6057037037037036 0.009078125000000032 0.01604629629629623