1 0.31263541666666667 0.7090092592592593 0.048671875000000024 0.17049074074074083
1 0.13540625 0.46964814814814815 0.02516145833333332 0.11033333333333335
1 0.34466145833333334 0.40112962962962967 0.018869791666666677 0.07867592592592595
1 0.5604114583333334 0.47974074074074075 0.02722916666666677 0.10419444444444442
1 0.7472760416666666 0.3495925925925926 0.015671875000000075 0.06927777777777783
1 0.8754427083333333 0.4393425925925926 0.03327083333333339 0.10534259259259257
1 0.9329999999999999 0.46452777777777776 0.02159895833333323 0.10888888888888891
1 0.6659635416666667 0.3181296296296296 0.014401041666666715 0.06196296296296293
1 0.6089166666666667 0.2827037037037037 0.013916666666666562 0.055499999999999945
1 0.7208645833333333 0.25912962962962965 0.013901041666666695 0.04641666666666666
1 0.7907552083333333 0.2911944444444445 0.013723958333333286 0.054925925925925975
1 0.8625364583333333 0.26572222222222225 0.012395833333333429 0.04495370370370366
1 0.9343958333333333 0.3134444444444444 0.022755208333333363 0.0643055555555556
1 0.9581875 0.31930555555555556 0.015999999999999896 0.0643055555555556
1 0.9939947916666667 0.2957314814814815 0.0102291666666666 0.05522222222222221
0 0.4999166666666667 0.7218796296296296 0.017536458333333373 0.03523148148148144