2 0.7891979166666666 0.8259814814814814 0.03198958333333337 0.09699999999999999
1 0.3931614583333333 0.46032407407407405 0.02787499999999999 0.06613888888888894
1 0.101765625 0.4074259259259259 0.01935416666666665 0.0642870370370371
1 0.4336145833333333 0.26451851851851854 0.0210572916666667 0.057574074074074055
1 0.790203125 0.33699074074074076 0.02527604166666677 0.06577777777777774
1 0.387390625 0.2134537037037037 0.019473958333333385 0.053074074074074065
1 0.5416666666666666 0.7034537037037037 0.028109374999999954 0.0860000000000001
1 0.36575520833333336 0.6414074074074074 0.03528125000000001 0.06881481481481476
1 0.17921875 0.6078240740740741 0.023177083333333334 0.08004629629629634
1 0.15326041666666665 0.20796296296296296 0.01285416666666664 0.05014814814814817
1 0.011901041666666667 0.4994537037037037 0.023796875 0.07339814814814813
1 0.091484375 0.31762962962962965 0.01566666666666666 0.05959259259259261
1 0.6374947916666667 0.4814907407407407 0.023010416666666582 0.0680092592592593
1 0.31849479166666667 0.37450925925925926 0.011734374999999986 0.07184259259259262
2 0.3104895833333333 0.3819444444444444 0.012223958333333347 0.06182407407407406
0 0.6232552083333334 0.5062592592592593 0.007421875 0.014037037037037113