2 0.17316666666666666 0.3390185185185185 0.016015625 0.05057407407407408
1 0.32515104166666664 0.43950925925925927 0.019692708333333305 0.05593518518518516
1 0.37615625 0.518962962962963 0.01885937500000002 0.05945370370370374
1 0.4010416666666667 0.4598981481481482 0.015156249999999953 0.05466666666666668
1 0.474921875 0.4921759259259259 0.017916666666666713 0.06620370370370371
1 0.487828125 0.4848611111111111 0.020078124999999978 0.05887962962962961
1 0.4541510416666667 0.4237777777777778 0.02162499999999999 0.053731481481481456
1 0.43785416666666666 0.3927777777777778 0.01473958333333331 0.048407407407407385
1 0.5004270833333334 0.42889814814814814 0.015447916666666709 0.05665740740740735
2 0.5824322916666667 0.42899074074074073 0.02006249999999999 0.05500925925925923
1 0.5740104166666666 0.3430925925925926 0.0164791666666666 0.04200000000000001
1 0.5839895833333333 0.3494259259259259 0.009182291666666724 0.040601851851851875
1 0.5928229166666666 0.35435185185185186 0.011906250000000066 0.03950925925925922
1 0.5988854166666666 0.39202777777777775 0.011729166666666657 0.049222222222222195
1 0.7009375 0.39444444444444443 0.01013020833333324 0.04937962962962967
1 0.6961041666666666 0.45322222222222225 0.012765625000000114 0.05441666666666665
1 0.7093802083333334 0.33121296296296293 0.012942708333333285 0.04950000000000004
1 0.802953125 0.396787037037037 0.01197395833333322 0.04937037037037042
1 0.81046875 0.4124166666666667 0.010302083333333437 0.05562962962962967
1 0.947875 0.4974351851851852 0.017875000000000085 0.059999999999999956
1 0.9623802083333334 0.43513888888888885 0.013479166666666724 0.055750000000000036
0 0.465078125 0.5131851851851852 0.006192708333333385 0.010842592592592626