1 0.8349635416666668 0.7504444444444445 0.03335416666666665 0.08104629629629627
1 0.8211666666666667 0.5149814814814815 0.034364583333333344 0.07184259259259251
1 0.46425 0.4174074074074074 0.027046875000000033 0.06480555555555556
1 0.7239166666666667 0.4380925925925926 0.02528124999999998 0.0639814814814815
2 0.84753125 0.6584629629629629 0.028145833333333314 0.0824074074074074
1 0.9044427083333333 0.4517870370370371 0.02915625000000001 0.07384259259259264
1 0.8395729166666667 0.3367314814814815 0.027630208333333427 0.04254629629629634
1 0.483859375 0.37210185185185185 0.026223958333333287 0.0621203703703704
1 0.46905208333333337 0.4736296296296296 0.02616666666666667 0.07782407407407403
1 0.3768489583333333 0.5668981481481481 0.02406770833333335 0.07770370370370377
1 0.807640625 0.4099074074074074 0.028348958333333247 0.05441666666666665
1 0.614859375 0.5391944444444445 0.02216145833333343 0.07361111111111111
1 0.6269166666666667 0.5291851851851852 0.035161458333333444 0.09352777777777777
1 0.38795833333333335 0.4505925925925926 0.029166666666666667 0.04494444444444441
2 0.4399479166666667 0.22302777777777777 0.025328125000000055 0.05312037037037037
1 0.38385416666666666 0.4225925925925926 0.04140104166666667 0.03036111111111108