1 0.23241666666666666 0.6651574074074074 0.022494791666666694 0.09115740740740745
1 0.187921875 0.3435648148148148 0.015479166666666681 0.08030555555555557
1 0.36275 0.5376111111111112 0.02408333333333334 0.07547222222222222
1 0.39736458333333335 0.40447222222222223 0.01573437500000002 0.0772222222222222
1 0.2231979166666667 0.22903703703703704 0.018692708333333325 0.06983333333333332
1 0.39846354166666664 0.22903703703703704 0.013541666666666667 0.05942592592592596
2 0.41836979166666666 0.3571018518518519 0.01821875000000001 0.07614814814814816
1 0.49089062499999997 0.4267314814814815 0.024208333333333342 0.07228703703703698
1 0.5953906250000001 0.4632962962962963 0.02243749999999996 0.08037962962962958
1 0.815109375 0.2886574074074074 0.01690625000000002 0.05897222222222227
1 0.8563072916666666 0.28891666666666665 0.024656250000000077 0.05428703703703703
1 0.8874114583333333 0.2960833333333333 0.02098958333333343 0.060796296296296265
1 0.8811197916666667 0.2545648148148148 0.011333333333333447 0.0584351851851852
1 0.8911458333333333 0.2790277777777778 0.012354166666666562 0.055324074074074074
1 0.9009479166666666 0.27434259259259264 0.011473958333333438 0.05636111111111112
1 0.9092916666666666 0.3253611111111111 0.013520833333333352 0.06471296296296294
1 0.92678125 0.38926851851851857 0.026546874999999897 0.070212962962963
1 0.9428072916666667 0.32978703703703705 0.02493229166666661 0.06836111111111115
0 0.23841145833333333 0.6898703703703704 0.008140624999999997 0.02088888888888884