1 0.12850520833333332 0.637962962962963 0.029838541666666676 0.10703703703703696
1 0.17563020833333332 0.3988888888888889 0.018703124999999984 0.07905555555555555
1 0.220125 0.43350925925925926 0.025723958333333328 0.07022222222222226
1 0.06439583333333333 0.2783703703703704 0.018723958333333342 0.07222222222222222
1 0.16063020833333336 0.2610648148148148 0.019437500000000028 0.0610185185185185
2 0.378046875 0.3429259259259259 0.02247916666666671 0.06600925925925923
1 0.4616197916666666 0.5193981481481482 0.022755208333333363 0.07548148148148147
1 0.499671875 0.5292962962962963 0.028604166666666705 0.08485185185185194
1 0.45188541666666665 0.29685185185185187 0.022317708333333287 0.07274999999999994
1 0.5968541666666667 0.42687037037037034 0.029760416666666602 0.07516666666666673
1 0.5754166666666667 0.2930833333333333 0.01761458333333342 0.06780555555555558
1 0.5908541666666667 0.13469444444444445 0.014833333333333342 0.0554814814814815
1 0.6861354166666668 0.2619722222222222 0.015109375000000114 0.06544444444444443
1 0.7051614583333333 0.2619722222222222 0.023885416666666732 0.06544444444444443
1 0.6784531250000001 0.5808333333333333 0.030479166666666658 0.08384259259259255
1 0.7761979166666666 0.4164629629629629 0.032229166666666725 0.0738425925925926
1 0.7534739583333334 0.3583148148148148 0.021744791666666666 0.06722222222222224
1 0.7416458333333333 0.3490740740740741 0.016604166666666722 0.06521296296296303
0 0.3952916666666667 0.4925 0.0077656250000000425 0.013833333333333383