2 0.131703125 0.39472222222222225 0.019395833333333338 0.08342592592592595
1 0.25731770833333334 0.40349999999999997 0.02365624999999998 0.0892870370370371
1 0.3064635416666667 0.5008611111111111 0.034677083333333296 0.10544444444444438
1 0.166359375 0.8082870370370371 0.034375 0.09975000000000002
1 0.34885416666666663 0.6188518518518519 0.04207812499999998 0.10140740740740739
1 0.3546197916666667 0.46337962962962964 0.030557291666666705 0.08902777777777776
1 0.42063541666666665 0.41009259259259256 0.03153124999999998 0.0878240740740741
1 0.47167708333333336 0.42853703703703705 0.024281249999999942 0.08373148148148143
1 0.5262499999999999 0.6039166666666667 0.03628645833333331 0.10081481481481491
1 0.5908697916666666 0.5803518518518518 0.025578125000000066 0.10343518518518521
1 0.6073333333333333 0.5472685185185184 0.02557291666666662 0.10165740740740738
1 0.6599375 0.5143240740740741 0.025729166666666713 0.10896296296296303
1 0.7828333333333333 0.43380555555555556 0.020937499999999904 0.09427777777777772
1 0.51184375 0.2528611111111111 0.025588541666666725 0.07192592592592591
1 0.4770260416666667 0.3377685185185185 0.026749999999999947 0.0778333333333334
0 0.5211302083333333 0.27744444444444444 0.009651041666666653 0.015722222222222238