1 0.13863020833333334 0.8098518518518518 0.03756770833333333 0.10170370370370363
1 0.07623958333333333 0.5894537037037038 0.020796875000000003 0.09811111111111115
1 0.18768229166666667 0.49943518518518515 0.01856770833333332 0.08926851851851854
2 0.27661458333333333 0.645212962962963 0.025968749999999978 0.09398148148148149
1 0.11013541666666667 0.3375740740740741 0.02482291666666668 0.06859259259259264
1 0.3282083333333333 0.4021296296296296 0.01854166666666662 0.08204629629629631
1 0.4631979166666667 0.4220277777777778 0.017088541666666637 0.07557407407407409
1 0.482453125 0.44262962962962965 0.021249999999999977 0.07512962962962962
1 0.616796875 0.6965833333333333 0.030463541666666552 0.09493518518518516
1 0.6452291666666666 0.5671203703703703 0.026687499999999885 0.09277777777777782
1 0.6305885416666667 0.5359907407407407 0.01953125 0.07911111111111116
1 0.6174479166666667 0.452462962962963 0.021875 0.0739722222222222
1 0.6683229166666667 0.4176388888888889 0.02213020833333322 0.0714074074074074
1 0.5899270833333333 0.29568518518518516 0.01758854166666666 0.06347222222222218
1 0.5724947916666667 0.1713888888888889 0.013947916666666772 0.057777777777777754
1 0.6595624999999999 0.31328703703703703 0.017619791666666627 0.05473148148148149
1 0.6666510416666667 0.33087962962962963 0.025296875000000087 0.0621388888888889
1 0.7221458333333334 0.4151111111111111 0.025677083333333427 0.07329629629629626
1 0.7459583333333334 0.545037037037037 0.018645833333333427 0.08562962962962965
1 0.98609375 0.38352777777777775 0.02005729166666678 0.08184259259259258
0 0.4599322916666667 0.38219444444444445 0.008499999999999968 0.014249999999999987