1 0.03389583333333333 0.3282314814814815 0.017447916666666667 0.0713703703703704
1 0.15182291666666667 0.5936759259259259 0.021890624999999986 0.08739814814814824
1 0.21819791666666666 0.4004351851851852 0.017958333333333344 0.0714074074074074
1 0.28592708333333333 0.17457407407407408 0.022140624999999994 0.0551574074074074
1 0.37577604166666667 0.33569444444444446 0.023208333333333307 0.07185185185185188
1 0.3737447916666667 0.5462685185185185 0.027270833333333282 0.08400000000000002
2 0.40473437500000004 0.30669444444444444 0.01616666666666665 0.0643796296296296
1 0.41380208333333335 0.2124814814814815 0.015354166666666676 0.05637962962962964
1 0.46332812500000004 0.24905555555555559 0.016968749999999963 0.062175925925925905
1 0.5266562499999999 0.45337037037037037 0.02453645833333328 0.07143518518518521
1 0.56928125 0.4403796296296296 0.020468750000000095 0.0743148148148148
1 0.6845729166666668 0.28275 0.023697916666666666 0.062194444444444406
1 0.7627864583333334 0.19587962962962965 0.023145833333333362 0.056851851851851834
1 0.8097708333333333 0.19021296296296297 0.01831770833333337 0.05035185185185185
1 0.8931927083333334 0.31969444444444445 0.021416666666666608 0.068712962962963
1 0.9070625 0.2810648148148148 0.015328124999999915 0.05160185185185187
1 0.9348020833333333 0.39296296296296296 0.030208333333333334 0.06273148148148149
1 0.83 0.5878981481481481 0.027651041666666744 0.0926851851851851
1 0.8000260416666667 0.7467314814814815 0.031312499999999945 0.08313888888888886
2 0.18998437499999998 0.04936111111111111 0.018369791666666656 0.045314814814814815
0 0.5525833333333333 0.4633611111111111 0.008187499999999896 0.019222222222222213