1 0.32863020833333334 0.7533055555555556 0.033833333333333354 0.2044999999999999
1 0.3011510416666667 0.20482407407407408 0.020119791666666723 0.06399074074074075
1 0.30240625 0.21775925925925926 0.019489583333333373 0.07169444444444442
1 0.4058645833333333 0.23230555555555554 0.01640625 0.07841666666666669
1 0.4999635416666666 0.18768518518518518 0.011906249999999948 0.07027777777777776
1 0.46241145833333336 0.15705555555555556 0.011520833333333277 0.062148148148148154
1 0.4690572916666667 0.1560740740740741 0.011442708333333348 0.06299074074074072
1 0.4825052083333333 0.1564259259259259 0.012223958333333347 0.056694444444444464
1 0.48690625 0.1737037037037037 0.010963541666666642 0.0646759259259259
1 0.5156927083333334 0.17272222222222222 0.008760416666666633 0.059916666666666646
1 0.52678125 0.18663888888888888 0.0136354166666667 0.06677777777777778
1 0.5204114583333334 0.1685925925925926 0.008760416666666633 0.05026851851851854
1 0.5499010416666666 0.16621296296296295 0.012687500000000067 0.05949999999999999
1 0.5985833333333334 0.1763611111111111 0.014093749999999971 0.06160185185185188
1 0.9582083333333333 0.12206481481481482 0.014359375000000086 0.05482407407407407
1 0.9246354166666666 0.10530555555555557 0.01403645833333324 0.04468518518518519
1 0.7075729166666667 0.10823148148148148 0.012651041666666647 0.04662962962962962
1 0.720828125 0.16210185185185186 0.0124270833333334 0.057379629629629655
2 0.71315625 0.23037962962962963 0.02163020833333344 0.07669444444444445
0 0.50025 0.7051759259259259 0.01715625000000003 0.03104629629629627