1 0.26585416666666667 0.41167592592592595 0.03333854166666669 0.06091666666666663
1 0.8259322916666666 0.20833333333333334 0.02126562499999996 0.05391666666666668
1 0.3110208333333333 0.5004907407407407 0.03422395833333335 0.06924074074074071
1 0.8775 0.48182407407407407 0.02872395833333338 0.07937962962962965
1 0.403453125 0.3777592592592593 0.024374999999999977 0.06277777777777774
1 0.8744791666666667 0.16997222222222222 0.02003645833333323 0.05242592592592593
1 0.47614062500000004 0.3262777777777778 0.025588541666666725 0.0536481481481482
1 0.8253645833333334 0.32431481481481483 0.022406249999999992 0.05944444444444449
1 0.859109375 0.3671203703703704 0.030666666666666724 0.06903703703703698
1 0.8830572916666667 0.6848425925925926 0.030812499999999923 0.08279629629629637
1 0.33315625 0.17772222222222223 0.022000000000000006 0.0540648148148148
1 0.19006770833333334 0.26443518518518516 0.022458333333333337 0.05934259259259262
1 0.50690625 0.2260925925925926 0.023708333333333324 0.05082407407407406
2 0.4611458333333333 0.2893425925925926 0.02421354166666667 0.04748148148148146
1 0.8818750000000001 0.23197222222222222 0.025677083333333427 0.05434259259259259
1 0.482203125 0.20783333333333334 0.01942708333333331 0.05050925925925927
1 0.6840885416666667 0.1330185185185185 0.025104166666666573 0.04729629629629628
2 0.9919791666666666 0.2736944444444444 0.016041666666666763 0.05748148148148152
0 0.42500520833333333 0.5054629629629629 0.009614583333333352 0.012333333333333274
1 0.27290625 0.07086111111111111 0.012182291666666718 0.04215740740740741