2 0.288296875 0.9612962962962963 0.04284374999999999 0.07740740740740733
1 0.405265625 0.745824074074074 0.05386458333333337 0.13906481481481486
1 0.44651562499999997 0.6576574074074074 0.03635937499999997 0.14049074074074075
1 0.48932291666666666 0.545212962962963 0.04072916666666669 0.10449999999999991
1 0.4752604166666667 0.46129629629629626 0.035520833333333356 0.08851851851851854
1 0.6422239583333333 0.43500000000000005 0.02986979166666662 0.10258333333333335
1 0.8039843750000001 0.6698796296296297 0.05129687499999989 0.1427222222222221
1 0.8312708333333333 0.5126111111111111 0.035046874999999984 0.1281944444444445
1 0.885125 0.5737407407407408 0.03232812500000008 0.13933333333333334
1 0.9663645833333334 0.5107592592592592 0.0364843750000001 0.11707407407407412
1 0.5476510416666667 0.12064814814814816 0.02405208333333325 0.085
0 0.47765625 0.5859537037037037 0.01739583333333338 0.023018518518518424