1 0.4237604166666667 0.3685 0.03622916666666664 0.07282407407407405
1 0.6189010416666666 0.46894444444444444 0.02425520833333342 0.08627777777777773
1 0.5629010416666667 0.6309074074074074 0.0319427083333333 0.1062314814814815
1 0.33472916666666663 0.36391666666666667 0.03173437500000003 0.06736111111111111
1 0.5098385416666666 0.45345370370370375 0.035671875000000006 0.0959444444444444
1 0.47925 0.3166759259259259 0.027572916666666693 0.07947222222222226
1 0.48453124999999997 0.4724722222222222 0.03434895833333336 0.07562962962962969
1 0.49363541666666666 0.6545740740740741 0.03784895833333337 0.10076851851851845
1 0.5855729166666667 0.4801666666666667 0.03284895833333342 0.0970833333333333
1 0.454046875 0.6978611111111112 0.03618750000000001 0.09543518518518512
1 0.41524479166666667 0.4441851851851852 0.03458333333333338 0.08672222222222224
1 0.357828125 0.4611018518518519 0.039151041666666705 0.08282407407407412
1 0.7830104166666667 0.42016666666666663 0.03317708333333324 0.0874259259259259
1 0.40741666666666665 0.1885185185185185 0.026203124999999973 0.057601851851851835
2 0.015260416666666667 0.50525 0.030520833333333334 0.09468518518518518
1 0.41560416666666666 0.2121296296296296 0.0068229166666666195 0.01287037037037035