1 0.374359375 0.48920370370370375 0.02957812499999998 0.059666666666666715
1 0.6110625 0.34328703703703706 0.017734375000000094 0.050722222222222196
1 0.3782864583333333 0.4228148148148148 0.02406770833333335 0.06166666666666669
1 0.381953125 0.5944444444444444 0.03181770833333329 0.06476851851851856
1 0.09011979166666667 0.5081296296296296 0.03011979166666666 0.06340740740740743
1 0.7914895833333334 0.34887962962962965 0.0313229166666666 0.05365740740740745
1 0.5166145833333333 0.41747222222222224 0.01721874999999997 0.06680555555555553
1 0.4205364583333333 0.2541203703703704 0.019041666666666637 0.043870370370370365
1 0.9576250000000001 0.7352222222222222 0.025406250000000106 0.07587037037037042
1 0.7690625 0.22376851851851853 0.020510416666666722 0.05128703703703705
1 0.10001041666666667 0.36160185185185184 0.017958333333333344 0.06774074074074071
2 0.5896927083333333 0.33113888888888887 0.020427083333333228 0.04471296296296293
2 0.33319270833333337 0.15346296296296297 0.013468749999999948 0.04297222222222219
0 0.546765625 0.37424999999999997 0.009463541666666705 0.014175925925925875