1 0.1630625 0.8227407407407407 0.03930729166666668 0.07890740740740743
2 0.3378229166666667 0.7723888888888888 0.02166666666666662 0.09527777777777786
1 0.35289062499999996 0.44972222222222213 0.020510416666666722 0.05878703703703699
1 0.4858333333333333 0.7190925925925926 0.031187500000000055 0.09407407407407399
1 0.5463333333333333 0.595537037037037 0.02212500000000001 0.06940740740740745
1 0.568890625 0.6845462962962963 0.02442708333333338 0.08350925925925931
1 0.60321875 0.7838055555555555 0.02557291666666662 0.08884259259259264
1 0.6833958333333333 0.8076666666666666 0.02457291666666658 0.10437037037037039
1 0.6551614583333334 0.5873425925925926 0.019140625 0.07643518518518515
1 0.7712291666666666 0.48735185185185187 0.017473958333333428 0.06086111111111113
1 0.9239427083333334 0.656425925925926 0.021604166666666678 0.08582407407407412
1 0.9699583333333333 0.7127962962962964 0.036249999999999956 0.10195370370370362
1 0.95975 0.8884722222222222 0.029005208333333362 0.11375925925925917
0 0.36571354166666664 0.4604537037037037 0.0057864583333332815 0.013416666666666676