1 0.5696875 0.5452777777777779 0.02650781250000005 0.10873611111111106
1 0.6801171874999999 0.49111111111111116 0.028382812499999945 0.10244444444444444
1 0.49850000000000005 0.5664166666666667 0.02234374999999993 0.11872222222222224
1 0.20621874999999998 0.3448611111111111 0.023296875000000015 0.08001388888888891
1 0.6521328125 0.5739583333333333 0.027992187499999942 0.11186111111111106
1 0.301125 0.5625694444444445 0.028718749999999994 0.11179166666666668
1 0.7025 0.4773888888888889 0.019406249999999937 0.10120833333333334
1 0.7607421875 0.4501388888888889 0.022468749999999992 0.09219444444444444
1 0.3909453125000001 0.5072500000000001 0.026000000000000023 0.10169444444444448
1 0.3658046875 0.31556944444444446 0.019406250000000024 0.06459722222222221
1 0.6398515625 0.4559722222222222 0.028250000000000063 0.09608333333333327
1 0.542171875 0.5518472222222222 0.020374999999999942 0.12011111111111114
1 0.6212187499999999 0.5753194444444445 0.02909375000000001 0.12488888888888883
1 0.7845859374999999 0.49086111111111114 0.023132812499999923 0.10195833333333329
1 0.59878125 0.42815277777777777 0.030445312500000023 0.09398611111111105
2 0.35878125 0.5344861111111111 0.018898437500000042 0.10862500000000005
1 0.12928125 0.2987083333333333 0.013335937499999995 0.07459722222222219
1 0.23259375000000002 0.2710694444444444 0.013156250000000026 0.06852777777777774
1 0.5176015625 0.570388888888889 0.021382812499999914 0.10845833333333338
1 0.7876171875 0.4237777777777778 0.014281249999999978 0.06129166666666666
0 0.293296875 0.29783333333333334 0.007539062499999982 0.012069444444444442