1 0.180203125 0.6434722222222222 0.032515625000000006 0.08804166666666664
1 0.1940546875 0.4265833333333333 0.02684375000000001 0.07401388888888884
2 0.51396875 0.3785277777777778 0.018374999999999985 0.06566666666666662
1 0.3329140625 0.4599861111111111 0.024117187500000005 0.07483333333333332
1 0.625046875 0.6112361111111111 0.029953124999999935 0.09434722222222215
1 0.7418437499999999 0.43751388888888887 0.02419531250000002 0.07912500000000004
1 0.27196875 0.4347916666666667 0.02028906250000002 0.06584722222222218
1 0.7798359375 0.4498611111111111 0.020132812499999986 0.08112499999999996
1 0.9709921874999999 0.677375 0.039039062499999846 0.10783333333333331
1 0.3018984375 0.578125 0.026039062500000033 0.07354166666666673
1 0.2593515625 0.3550277777777778 0.02071093749999999 0.0662638888888889
1 0.6702890625 0.3801111111111111 0.0216796875 0.06788888888888889
1 0.39757031249999997 0.5513055555555556 0.030679687499999986 0.08613888888888886
1 0.404703125 0.3734166666666667 0.023398437500000036 0.06458333333333334
1 0.7445546875 0.6624166666666667 0.02254687499999992 0.10290277777777782
1 0.56171875 0.3204166666666666 0.021312499999999977 0.053166666666666626
1 0.47935937500000003 0.4320833333333334 0.021382812499999914 0.06504166666666672
1 0.8200156249999999 0.49236111111111114 0.02144531249999986 0.08725000000000006
1 0.48936718749999997 0.3047916666666666 0.02042187500000008 0.05263888888888886
1 0.847296875 0.9243611111111111 0.04409375000000004 0.14791666666666667
2 0.05325 0.306 0.017859375000000004 0.054027777777777744
0 0.3099609375 0.5975833333333334 0.00795312499999996 0.01398611111111118