1 0.19190625 0.24909722222222222 0.021851562500000022 0.061375
1 0.54184375 0.4636805555555556 0.03225781249999997 0.08015277777777782
1 0.58359375 0.40565277777777775 0.025664062499999928 0.07765277777777774
1 0.1160390625 0.4407916666666667 0.029164062499999987 0.08687499999999994
2 0.23359375 0.3059305555555556 0.026234375000000032 0.06290277777777781
1 0.28590625 0.4244861111111111 0.027273437499999977 0.07405555555555562
1 0.3871796875 0.46181944444444445 0.03723437499999997 0.04883333333333329
1 0.4517109375 0.34751388888888884 0.018624999999999937 0.06544444444444442
1 0.3294140625 0.2431388888888889 0.024289062500000024 0.05470833333333332
1 0.466609375 0.38762499999999994 0.022976562500000065 0.0695416666666667
1 0.34173437500000003 0.42233333333333334 0.02609374999999998 0.08218055555555549
1 0.5199453125 0.2081388888888889 0.020578124999999937 0.05095833333333333
1 0.6334921875 0.3381805555555556 0.02413281250000008 0.06487500000000002
1 0.593671875 0.2600555555555556 0.020882812500000014 0.06379166666666668
1 0.13957031250000002 0.896875 0.03054687500000002 0.1395972222222222
1 0.5425390625000001 0.2006111111111111 0.017515625000000055 0.045888888888888896
2 0.1854140625 0.09066666666666667 0.012320312499999986 0.036625000000000005
1 0.3191171875 0.5247499999999999 0.025390625 0.09802777777777784
1 0.8966406250000001 0.3090555555555556 0.021835937499999857 0.05529166666666667